{"object":{"uuid":"B6BEBD25-292C-4ECC-9729-2C0233CBC257","objectType":"Scene","name":"stairway","matrix":[1,0,0,0,0,1,0,0,0,0,1,0,0,0,0,1],"layers":1,"children":[{"uuid":"D403810E-29C9-4F01-B209-2CF6BBC0BAAA","objectType":"Mesh2D","name":"portal","matrix":[0.9986295347545731,0.004561379138762719,-0.052136802128782314,0,-6.505213034913047e-18,0.9961946980917487,0.08715574274765844,0,0.05233595624294396,-0.0870362988312832,0.994829447880333,0,5259.890863902192,-87.2470484145457,7823.246628858776,1],"castShadow":true,"receiveShadow":true,"layers":1,"hiddenMatrix":[1,0,0,0,0,1,0,0,0,0,1,0,0,0,0,1],"interaction":{"uuid":"4F4AA474-43C4-4CFC-BD49-CA775AFAE8A6"},"geometry":"3365499E-F288-4B38-A88E-C2D2AAE663BF","material":"92C3B848-0CAD-4EBC-9F68-1884FD985546"},{"uuid":"D10DB07B-CA34-437B-9D56-1B6FBD10074A","objectType":"LightDirectional","name":"Directional Light","matrix":[1,0,0,0,0,1,0,0,0,0,1,0,-2612.843956402265,3039.7359635260773,677.6680343359501,1],"castShadow":true,"layers":1,"hiddenMatrix":[1.2811400965660473,0,0,0,0,1.2808960796515247,0,0,0,0,1.2808703023452952,0,-82.86406809605114,3860.5985136937497,1913.796676218084,1],"interaction":{"uuid":"EFB12077-EBE8-4E5E-947F-4F830C1BC75B","selectedState":0,"states":["2C74FAF9-FED8-498C-9841-0299F2D101EC","3FE136D5-BBFE-4A64-97CE-CAFD5B51F934"],"events":[{"type":10,"ui":{"isCollapsed":false},"targets":[{"easing":4,"duration":3000,"delay":0,"cubicControls":[0.5,0.05,0.1,0.3],"springParameters":{"mass":1,"stiffness":80,"damping":10,"velocity":0},"repeat":true,"cycle":true,"rewind":true,"object":"D10DB07B-CA34-437B-9D56-1B6FBD10074A","state":"3FE136D5-BBFE-4A64-97CE-CAFD5B51F934"}]}]},"enableHelper":true,"color":1572835,"intensity":10,"shadow":{"mapSize":[1024,1024],"camera":{"uuid":"3DB1D29A-AF32-4D86-87C4-E878840031BC","type":"OrthographicCamera","layers":1,"zoom":1,"left":-1250,"right":1250,"top":1250,"bottom":-1250,"near":1,"far":2500}}},{"uuid":"E07792FC-BE38-4E77-A6BB-1A18F20E8016","objectType":"Mesh3D","name":"Cube copy 14","matrix":[0.7571291800033794,-0.09371157518455413,0.6464821543328477,0,-0.08936371000162541,0.9655151478040757,0.24461590591631105,0,-0.647105171211428,-0.24297544961695744,0.7226380378938443,0,-1671.6964797605974,316.0530576510716,9427.160327857551,1],"castShadow":true,"receiveShadow":true,"layers":1,"hiddenMatrix":[5.032529094518336,0,0,0,0,5.02894254218129,0,0,0,0,5.033294417898865,0,11108.196020656189,-2819.360494224148,-38098.9142871207,1],"interaction":{"uuid":"38DF3392-10DB-4686-9638-4F9D1E4B9B94","selectedState":1,"states":["9EE9F44A-CD5D-4711-A2BE-964AD01EDC33","EBC1F897-F103-4801-BBB9-A22845BE3E0B"],"events":[{"type":7,"ui":{"isCollapsed":false},"targets":[{"easing":4,"duration":2000,"delay":0,"cubicControls":[0.5,0.05,0.1,0.3],"springParameters":{"mass":1,"stiffness":80,"damping":10,"velocity":0},"repeat":true,"cycle":true,"rewind":true,"object":"E07792FC-BE38-4E77-A6BB-1A18F20E8016","state":"EBC1F897-F103-4801-BBB9-A22845BE3E0B"}]}]},"geometry":"99CB3355-14B6-4F5B-BFD2-7B11163F82C1","material":"E5AE9BA3-793D-46D8-8149-B39BC0E1A7A3"},{"uuid":"23290103-9F78-4DEB-ACB2-69BE95C8FC1F","objectType":"Mesh3D","name":"Cube copy 13","matrix":[0.7542444658732345,-0.06926507880701772,0.6529037179894466,0,-0.005546650494361702,0.9937331102247846,0.11183047457167045,0,-0.6565514109054004,-0.08796806392702544,0.7491260041563462,0,-1261.0191044285266,365.7451761203345,6895.465846889191,1],"castShadow":true,"receiveShadow":true,"layers":1,"hiddenMatrix":[5.032529094518336,0,0,0,0,5.02894254218129,0,0,0,0,5.033294417898865,0,8453.76008669721,-1896.3258653329885,-25085.849124196873,1],"interaction":{"uuid":"D571654B-B089-468C-89B6-65A2A671CAFD","selectedState":0,"states":["3427CDC0-836A-44DA-AB3A-690F34EF4D58"],"events":[{"type":7,"ui":{"isCollapsed":false},"targets":[{"easing":4,"duration":2000,"delay":0,"cubicControls":[0.5,0.05,0.1,0.3],"springParameters":{"mass":1,"stiffness":80,"damping":10,"velocity":0},"repeat":true,"cycle":true,"rewind":true,"object":"23290103-9F78-4DEB-ACB2-69BE95C8FC1F","state":"3427CDC0-836A-44DA-AB3A-690F34EF4D58"}]}]},"geometry":"42E32439-2D03-492C-A1FD-178537C72C32","material":"8BA2E7ED-E957-484F-982C-E0AE396424FC"},{"uuid":"801F9B9E-FB79-4B24-8376-C2D866DCAECF","objectType":"Mesh2D","name":"[HYPER]","matrix":[0.5533143983278603,0.0061247238456104145,-0.8329499771060064,0,0.007688394421493233,0.9998928185854189,0.012459531793899959,0,0.8329370115406691,-0.013298086295353354,0.5532080040152924,0,628.9031923985908,1439.4019600516576,2255.291211362841,1],"castShadow":true,"receiveShadow":true,"layers":1,"hiddenMatrix":[1.2811400965660473,0,0,0,0,1.2808960796515247,0,0,0,0,1.2808703023452952,0,-82.86406809605114,3860.5985136937497,1913.796676218084,1],"interaction":{"uuid":"AA13F1C2-0B20-4D08-AE0A-9BFD3DF479EA","selectedState":0,"states":["C8C7702D-8661-4956-9A7C-D3562DD75D97"],"events":[{"type":7,"ui":{"isCollapsed":false},"targets":[{"easing":4,"duration":2000,"delay":0,"cubicControls":[0.5,0.05,0.1,0.3],"springParameters":{"mass":1,"stiffness":80,"damping":10,"velocity":0},"repeat":true,"cycle":true,"rewind":true,"object":"801F9B9E-FB79-4B24-8376-C2D866DCAECF"}]}]},"geometry":"4641AC4C-915A-4168-BDBC-BE5B5621E998","material":"61AEF2B8-FD91-4422-8C2B-961C93DC9574"},{"uuid":"E433FF55-C738-4319-9213-52A51DE897B3","objectType":"Mesh2D","name":"VIBES","matrix":[0.9995290690242958,0.009305806096634844,-0.029241103746374217,0,-0.006558833195988427,0.9956751402424635,0.09267144549562763,0,0.02997702257599296,-0.09243601611944205,0.9952672812071338,0,2812.768832525271,361.0356504016345,1104.9176505371056,1],"castShadow":true,"receiveShadow":true,"layers":1,"hiddenMatrix":[1.2811400965660473,0,0,0,0,1.2808960796515247,0,0,0,0,1.2808703023452952,0,-82.86406809605114,3860.5985136937497,1913.796676218084,1],"interaction":{"uuid":"B08E444E-9EFF-4832-801C-AE7C11935AC7","selectedState":0,"states":["1FCA2C57-93FF-4654-914D-FDEACFDA9E28"],"events":[{"type":7,"ui":{"isCollapsed":false},"targets":[{"easing":4,"duration":3000,"delay":0,"cubicControls":[0.5,0.05,0.1,0.3],"springParameters":{"mass":1,"stiffness":80,"damping":10,"velocity":0},"repeat":true,"cycle":true,"rewind":true,"object":"E433FF55-C738-4319-9213-52A51DE897B3","state":"1FCA2C57-93FF-4654-914D-FDEACFDA9E28"}]}]},"geometry":"BDF7537B-98C7-46EE-BA4B-6E28BADCE49B","material":"EE3DA2D5-1E19-4EAE-9D8A-EE1486DE1DF9"},{"uuid":"0C127AF3-C332-4D71-98EE-0EAE79972762","objectType":"Mesh3D","name":"Cube copy 12","matrix":[0.7498148882472163,-0.005702477479039908,0.6615971172249623,0,0.00963825648097832,0.999972053831829,-0.0023044086043365786,0,-0.6615588590283377,0.008104441383452989,0.7498413829652044,0,-1871.5345397802544,588.3318631793443,4327.700074010454,1],"castShadow":true,"receiveShadow":true,"layers":1,"hiddenMatrix":[5.032529094518336,0,0,0,0,5.02894254218129,0,0,0,0,5.033294417898865,0,12031.23431085343,-1994.7087249290798,-13304.106418916792,1],"interaction":{"uuid":"940D4106-8E88-4123-A0E4-C555A322D027","selectedState":1,"states":["65580B1C-2667-46E1-972F-23566017EA07","2D03455E-8811-40D0-9394-13D83D97905D"],"events":[{"type":2,"ui":{"isCollapsed":false},"targets":[{"easing":0,"duration":1000,"delay":0,"cubicControls":[0.5,0.05,0.1,0.3],"springParameters":{"mass":1,"stiffness":80,"damping":10,"velocity":0},"repeat":true,"cycle":true,"rewind":true,"object":"0C127AF3-C332-4D71-98EE-0EAE79972762"}]}]},"geometry":"9DD0FF2D-FBD0-401A-BFF8-5717E5B80F7F","material":"D1B99C45-B7BB-4AC2-BFB0-E7E720C95BB5"},{"uuid":"9AD2E73E-BBA8-46AD-A016-BCA3CB6FD1E8","objectType":"Mesh3D","name":"Torus Knot copy","matrix":[0.9808468409101011,-0.06523039357729359,-0.18353329515497352,0,0.04743248468498923,0.9938814237205338,-0.09974906004496023,0,0.1889170031344442,0.0891331102172275,0.9779394943398717,0,-716.2234434310459,249.24889051349882,1098.949435641848,1],"castShadow":true,"receiveShadow":true,"layers":1,"hiddenMatrix":[5.029742629756746,0,0,0,0,5.02894254218129,0,0,0,0,5.028402975315872,0,2024.0748340517093,2960.028825955671,-2004.465111498569,1],"interaction":{"uuid":"1C4A0B45-2951-4F39-AA33-A8C9DCE6E59E","selectedState":0,"states":["CC8BA9F6-DF5F-4634-BF6D-8A5D99605C24"],"events":[{"type":7,"ui":{"isCollapsed":false},"targets":[{"easing":4,"duration":1000,"delay":0,"cubicControls":[0.5,0.05,0.1,0.3],"springParameters":{"mass":1,"stiffness":80,"damping":10,"velocity":0},"object":"9AD2E73E-BBA8-46AD-A016-BCA3CB6FD1E8"}]}]},"geometry":"5AD6645F-D5FE-41F2-A531-663F27B78A59","material":"C5519AAA-41C2-4F1F-BC10-90CB8AE60C91"},{"uuid":"3801DB73-570B-410D-83C6-EC1F962F9FD9","objectType":"Mesh3D","name":"Cube copy 11","matrix":[0.665358595346624,-0.04355338972286744,0.7452292749543477,0,-0.05132696339587211,0.9932862264360276,0.10387651290208902,0,-0.7447426869135425,-0.10736441073155058,0.6586494660540234,0,-1446.400507594944,579.6021349893442,3228.008606777938,1],"castShadow":true,"receiveShadow":true,"layers":1,"hiddenMatrix":[5.032529094518336,0,0,0,0,5.02894254218129,0,0,0,0,5.033294417898865,0,10828.55679982042,-1116.8417577967853,-8392.103979928666,1],"interaction":{"uuid":"D2A1492F-E948-4983-B890-77B0A1EF9AE2","selectedState":0,"states":["2BAF6208-CF54-42CE-B750-EB9D42593CF2","708FC85C-1CF9-4A4C-A743-3FC454C6E4A2"],"events":[{"type":2,"ui":{"isCollapsed":false},"targets":[{"easing":0,"duration":1000,"delay":0,"cubicControls":[0.5,0.05,0.1,0.3],"springParameters":{"mass":1,"stiffness":80,"damping":10,"velocity":0},"object":"3801DB73-570B-410D-83C6-EC1F962F9FD9"}]}]},"geometry":"D06642E0-9D6A-4CE1-BD8B-EB9F25315AEC","material":"7FF0B88F-EDA1-4E33-B150-74A542F25BB7"},{"uuid":"F62B5CD5-B909-4116-A367-F052CDABFFA3","objectType":"Mesh3D","name":"Cube copy 10","matrix":[0.5487831590888567,-0.04623083986867575,0.8346854220276618,0,-0.030078031481514136,0.9967311942908157,0.07498158673831246,0,-0.8354234592843658,-0.06625432644465538,0.5455987609083378,0,-1661.0525046344023,611.4075091553527,2013.472247412442,1],"castShadow":true,"receiveShadow":true,"layers":1,"hiddenMatrix":[5.032529094518336,0,0,0,0,5.02894254218129,0,0,0,0,5.033294417898865,0,12907.249467066966,-314.75020049560317,-3788.3071926164675,1],"interaction":{"uuid":"5CD288DF-5B23-45B1-9C70-DFBECBA0846A","selectedState":0,"states":["61080194-E6DB-4E11-B341-095FAB8DF29B"],"events":[{"type":2,"ui":{"isCollapsed":false},"targets":[{"easing":0,"duration":1000,"delay":0,"cubicControls":[0.5,0.05,0.1,0.3],"springParameters":{"mass":1,"stiffness":80,"damping":10,"velocity":0},"repeat":true,"cycle":true,"rewind":true,"object":"F62B5CD5-B909-4116-A367-F052CDABFFA3"}]}]},"geometry":"A69F237C-8D24-460F-A2BD-A7E240480DCD","material":"661B14D5-317A-46CF-A3D9-B9E8AC7FAAF1"},{"uuid":"297457F8-5CA8-4DC2-8AA5-B0DFEB77B5EB","objectType":"Mesh3D","name":"Cube copy 9","matrix":[0.5487831590888567,-0.04623083986867576,0.8346854220276618,0,-0.030078031481514143,0.9967311942908157,0.07498158673831246,0,-0.8354234592843658,-0.06625432644465538,0.5455987609083378,0,-443.4960343613436,390.3971778570023,1271.4392215118178,1],"castShadow":true,"receiveShadow":true,"layers":1,"hiddenMatrix":[5.032529094518336,0,0,0,0,5.02894254218129,0,0,0,0,5.033294417898865,0,7937.432981432821,1453.6441202364472,-269.0899425621983,1],"interaction":{"uuid":"23B1F8A5-51CA-4D67-BEBF-E77DEE5A1A6D","selectedState":0,"states":["3CB41532-D227-4387-853A-B7A86319A09E"],"events":[{"type":2,"ui":{"isCollapsed":false},"targets":[{"easing":6,"duration":1000,"delay":0,"cubicControls":[0.5,0.05,0.1,0.3],"springParameters":{"mass":1,"stiffness":80,"damping":10,"velocity":0},"repeat":true,"cycle":true,"rewind":true,"object":"297457F8-5CA8-4DC2-8AA5-B0DFEB77B5EB"}]}]},"geometry":"C2311F84-E6F4-4252-B4BD-1A6CAB8C5E6B","material":"2FD61CD4-68B0-4595-99B3-EA394CC11179"},{"uuid":"DFE85130-478A-443A-B54C-541016BD69A1","objectType":"Mesh3D","name":"Cube copy 8","matrix":[0.5485694815535501,0.0029325493289984995,0.8360998290051892,0,-0.01784030459364225,0.9998072364846544,0.00819837818812458,0,-0.8359146173145209,-0.01941365569238433,0.5485160549451432,0,532.1344599747584,137.28738626212953,841.6249631386613,1],"castShadow":true,"receiveShadow":true,"layers":1,"hiddenMatrix":[5.032529094518336,0,0,0,0,5.02894254218129,0,0,0,0,5.033294417898865,0,3649.675756967031,3687.3310387982583,554.8662841595415,1],"interaction":{"uuid":"C83E99D5-DE83-4D9B-96CB-478595D46354","selectedState":0,"states":["B24D664B-16F3-46AD-A636-5EB55377F3B1"],"events":[{"type":7,"ui":{"isCollapsed":false},"targets":[{"easing":4,"duration":2000,"delay":0,"cubicControls":[0.5,0.05,0.1,0.3],"springParameters":{"mass":1,"stiffness":80,"damping":10,"velocity":0},"repeat":true,"cycle":true,"rewind":true,"object":"DFE85130-478A-443A-B54C-541016BD69A1","state":"B24D664B-16F3-46AD-A636-5EB55377F3B1"}]}]},"geometry":"936CFBA8-5B2A-4524-9633-7007FDE2785D","material":"C4F44125-5849-451B-9D43-ED90BE6463D4"},{"uuid":"CE860836-D635-4AD2-984C-2BC85CFCA634","objectType":"Mesh3D","name":"Torus Knot","matrix":[0.2617201987887048,-0.6137660669006991,-0.7448447842787463,0,0.8876495726242534,-0.14991845077515897,0.4354339150056642,0,-0.3789205375352253,-0.7751230052310566,0.5055725002367029,0,1160.4184957721857,346.3039310198468,486.54583240265566,1],"castShadow":true,"receiveShadow":true,"layers":1,"hiddenMatrix":[5.029742629756746,0,0,0,0,5.02894254218129,0,0,0,0,5.028402975315872,0,2184.2128932610462,3713.6044931207616,1941.1258315505656,1],"interaction":{"uuid":"E487EE0E-A950-4E6E-894D-73C58AB050EE","selectedState":1,"states":["81B7EC4E-0AF2-49F6-AD8D-120E0E311E7F","6964D6A5-1475-4276-989E-089F6E01D35E"],"events":[{"type":7,"ui":{"isCollapsed":false},"targets":[{"easing":4,"duration":2000,"delay":0,"cubicControls":[0.5,0.05,0.1,0.3],"springParameters":{"mass":1,"stiffness":80,"damping":10,"velocity":0},"repeat":true,"cycle":true,"rewind":true,"object":"CE860836-D635-4AD2-984C-2BC85CFCA634","state":"6964D6A5-1475-4276-989E-089F6E01D35E"}]}]},"geometry":"D79F140E-5073-4673-BA45-B0E0130F7B1A","material":"B90A02F2-3738-4425-87D7-E6735EF7A1F9"},{"uuid":"66385041-BCFB-4917-A982-81624972B250","objectType":"Mesh3D","name":"Cube copy 7","matrix":[0.5495173628715788,-0.08278372425932677,0.8313708696486943,0,-0.07694703156449327,0.9858350678425731,0.14902474071520455,0,-0.8319313807256481,-0.14586320306909892,0.5353635248635683,0,930.9115974549125,532.1652941323788,598.0373263115105,1],"castShadow":true,"receiveShadow":true,"layers":1,"hiddenMatrix":[5.032529094518336,0,0,0,0,5.02894254218129,0,0,0,0,5.033294417898865,0,3053.602908235142,2428.3863022867604,1477.4605146626736,1],"interaction":{"uuid":"3837B7AE-7AE5-4A43-9052-91C5562A43AD","selectedState":0,"states":["17CD7700-3E98-49B7-8143-4456D9C6838D"],"events":[{"type":7,"ui":{"isCollapsed":false},"targets":[{"easing":4,"duration":1000,"delay":0,"cubicControls":[0.5,0.05,0.1,0.3],"springParameters":{"mass":1,"stiffness":80,"damping":10,"velocity":0},"repeat":true,"cycle":true,"rewind":true,"object":"66385041-BCFB-4917-A982-81624972B250","state":"17CD7700-3E98-49B7-8143-4456D9C6838D"}]}]},"geometry":"7BBE6757-059C-4A81-8083-3B76000A7FF7","material":"F461E42B-FEDA-4DD9-A0DA-DAA2A73D27AF"},{"uuid":"3B695796-4617-4F45-BF86-E0B33A41DF6B","objectType":"CombinedCamera","name":"Default Camera","matrix":[0.9999999801527945,1.6940658945086007e-21,-0.00019923456214308212,0,0.000017301380824236792,0.9962223365784613,0.0868392526615316,0,0.0001984819210253679,-0.08683925438504812,0.9962223168062317,0,4163.9043831768095,517.107003739206,15141.08728413026,1],"layers":9,"children":[{"uuid":"E3F6D54D-4262-4F48-815D-87A431E15474","type":"DirectionalLight","name":"Default Directional Light","layers":1,"matrix":[1,0,0,0,0,1,0,0,0,0,1,0,850000,1300000,1000000,1],"color":3269535,"intensity":2.503,"shadow":{"camera":{"uuid":"A365B353-F1AA-4566-BF6A-A7B546E473F0","type":"OrthographicCamera","layers":1,"zoom":1,"left":-5,"right":5,"top":5,"bottom":-5,"near":0.5,"far":500}}}],"hiddenMatrix":[1,0,0,0,0,1,0,0,0,0,1,0,0,0,0,1],"interaction":{"uuid":"B2468481-CBDD-4F0F-B576-73B5F8EA49C6"},"enableHelper":false,"cameraType":"OrthographicCamera","targetOffset":14388.426614424983,"isUpVectorFlipped":false,"angleOffsetFromUp":0,"left":-840,"right":840,"top":512.5,"bottom":-512.5,"zoomOrtho":0.07694497527671325,"nearOrtho":-50000,"far":50000,"aspect":1.6390243902439023,"fov":45,"focus":10,"filmGauge":35,"filmOffset":0,"zoomPersp":1,"nearPersp":50},{"uuid":"36878CE4-1A1A-40E5-B27A-7718B3714A24","type":"HemisphereLight","name":"Default Ambient Light","layers":1,"matrix":[1,0,0,0,0,1,0,0,0,0,1,0,0,1,0,1],"color":16735658,"intensity":0.75,"groundColor":8553090}],"activeCamera":"3B695796-4617-4F45-BF86-E0B33A41DF6B","camera":"3B695796-4617-4F45-BF86-E0B33A41DF6B","directionalLight":"E3F6D54D-4262-4F48-815D-87A431E15474","ambientLight":"36878CE4-1A1A-40E5-B27A-7718B3714A24","color":[0.09803921568627451,0.09803921568627451,0.09803921568627451],"alpha":1,"directionalLightState":true,"ambientLightState":true,"canvas":{"mode":2,"preset":"crop","editorSize":{"width":1680,"height":1025},"color":[0,0,0,1],"size":{"width":1680,"height":1025}},"postprocessing":{"enabled":false,"bloom":{"enabled":false,"opacity":1,"blendFunction":16,"intensity":1,"luminanceThreshold":0.9,"luminanceSmoothing":0.025,"blurScale":1,"kernelSize":3},"chromaticAberration":{"enabled":false,"opacity":1,"blendFunction":13,"offset":[10,10]},"vignette":{"enabled":false,"opacity":1,"blendFunction":13,"eskil":false,"darkness":0.5,"offset":0.5},"noise":{"enabled":false,"opacity":1,"blendFunction":14},"colorAverage":{"enabled":false,"opacity":1,"blendFunction":13},"hueSaturation":{"enabled":false,"opacity":1,"blendFunction":13,"_hue":0,"hue":0,"saturation":0},"brightnessContrast":{"enabled":false,"opacity":1,"blendFunction":13,"contrast":0,"brightness":0},"depthOfField":{"enabled":false,"opacity":1,"blendFunction":13,"focalLength":0.1,"focusDistance":0,"bokehScale":1},"pixelation":{"enabled":false,"opacity":1,"blendFunction":13,"granularity":30}}},"metadata":{"version":1.5,"type":"Object","generator":"Object3D.toJSON"},"geometries":[{"uuid":"3365499E-F288-4B38-A88E-C2D2AAE663BF","userData":{"shape":{"points":[-652,952,-652,952,-652,952,0,652,952,652,952,652,952,0,652,-952,652,-952,652,-952,0,-652,-952,-652,-952,-652,-952,0],"shapeHoles":[],"isClosed":true,"roundness":0},"parameters":{"width":1304,"depth":0,"cornerRadius":[0,0,0,0],"cornerType":1,"extrudeDepth":0,"extrudeBevelSize":0,"extrudeBevelSegments":1,"height":1904,"surfaceMaxCount":1000},"ui":{"enabledIndieCorners":false},"type":"RectangleGeometry"}},{"uuid":"99CB3355-14B6-4F5B-BFD2-7B11163F82C1","userData":{"parameters":{"width":1069,"widthSegments":1,"heightSegments":1,"depthSegments":1,"cornerRadius":0,"cornerSegments":8,"height":68,"depth":375},"type":"CubeGeometry"}},{"uuid":"42E32439-2D03-492C-A1FD-178537C72C32","userData":{"parameters":{"width":670,"widthSegments":1,"heightSegments":1,"depthSegments":1,"cornerRadius":0,"cornerSegments":8,"height":64,"depth":235},"type":"CubeGeometry"}},{"uuid":"4641AC4C-915A-4168-BDBC-BE5B5621E998","userData":{"shape":{"points":[-1813.5,229.5,-1813.5,229.5,-1813.5,229.5,0,1813.5,229.5,1813.5,229.5,1813.5,229.5,0,1813.5,-229.5,1813.5,-229.5,1813.5,-229.5,0,-1813.5,-229.5,-1813.5,-229.5,-1813.5,-229.5,0],"shapeHoles":[],"isClosed":true,"roundness":0},"parameters":{"width":3627,"depth":0,"cornerRadius":[0,0,0,0],"cornerType":1,"extrudeDepth":0,"extrudeBevelSize":0,"extrudeBevelSegments":1,"height":459,"surfaceMaxCount":1000},"ui":{"enabledIndieCorners":false},"type":"RectangleGeometry"}},{"uuid":"BDF7537B-98C7-46EE-BA4B-6E28BADCE49B","userData":{"shape":{"points":[-4393.5,615,-4393.5,615,-4393.5,615,0,4393.5,615,4393.5,615,4393.5,615,0,4393.5,-615,4393.5,-615,4393.5,-615,0,-4393.5,-615,-4393.5,-615,-4393.5,-615,0],"shapeHoles":[],"isClosed":true,"roundness":0},"parameters":{"width":8787,"depth":0,"cornerRadius":[0,0,0,0],"cornerType":1,"extrudeDepth":0,"extrudeBevelSize":0,"extrudeBevelSegments":10,"height":1230,"surfaceMaxCount":1000},"ui":{"enabledIndieCorners":false},"type":"RectangleGeometry"}},{"uuid":"9DD0FF2D-FBD0-401A-BFF8-5717E5B80F7F","userData":{"parameters":{"width":670,"widthSegments":1,"heightSegments":1,"depthSegments":1,"cornerRadius":0,"cornerSegments":8,"height":64,"depth":235},"type":"CubeGeometry"}},{"uuid":"5AD6645F-D5FE-41F2-A531-663F27B78A59","userData":{"parameters":{"width":224,"depth":1,"tube":22,"tubularSegments":62,"radialSegments":3,"p":3,"q":3,"height":203},"type":"TorusKnotGeometry"}},{"uuid":"D06642E0-9D6A-4CE1-BD8B-EB9F25315AEC","userData":{"parameters":{"width":670,"widthSegments":1,"heightSegments":1,"depthSegments":1,"cornerRadius":0,"cornerSegments":8,"height":62,"depth":227},"type":"CubeGeometry"}},{"uuid":"A69F237C-8D24-460F-A2BD-A7E240480DCD","userData":{"parameters":{"width":668,"widthSegments":1,"heightSegments":1,"depthSegments":1,"cornerRadius":0,"cornerSegments":8,"height":61,"depth":226},"type":"CubeGeometry"}},{"uuid":"C2311F84-E6F4-4252-B4BD-1A6CAB8C5E6B","userData":{"parameters":{"width":668,"widthSegments":1,"heightSegments":1,"depthSegments":1,"cornerRadius":0,"cornerSegments":8,"height":61,"depth":226},"type":"CubeGeometry"}},{"uuid":"936CFBA8-5B2A-4524-9633-7007FDE2785D","userData":{"parameters":{"width":668,"widthSegments":1,"heightSegments":1,"depthSegments":1,"cornerRadius":0,"cornerSegments":8,"height":61,"depth":226},"type":"CubeGeometry"}},{"uuid":"D79F140E-5073-4673-BA45-B0E0130F7B1A","userData":{"parameters":{"width":254,"depth":1,"tube":50,"tubularSegments":64,"radialSegments":32,"p":2,"q":3,"height":254},"type":"TorusKnotGeometry"}},{"uuid":"7BBE6757-059C-4A81-8083-3B76000A7FF7","userData":{"parameters":{"width":668,"widthSegments":1,"heightSegments":1,"depthSegments":1,"cornerRadius":0,"cornerSegments":8,"height":61,"depth":226},"type":"CubeGeometry"}}],"materials":[{"uuid":"92C3B848-0CAD-4EBC-9F68-1884FD985546","type":"ShaderMaterial","transparent":true,"depthFunc":3,"depthTest":true,"depthWrite":true,"colorWrite":true,"stencilWrite":false,"stencilWriteMask":255,"stencilFunc":519,"stencilRef":0,"stencilFuncMask":255,"stencilFail":7680,"stencilZFail":7680,"stencilZPass":7680,"dithering":true,"wireframeLinecap":"","wireframeLinejoin":"","userData":{"type":"BasicMaterial","category":"Basic","nodeType":"BasicNodeMaterial","layers":{"id":3,"uuid":"6CF36236-B121-4CC9-B632-81C495E04E47","head":{"id":1,"type":"light","defines":{},"uniforms":{"f1_alpha":"21785228-AE6D-442E-969F-6ACDDF93C913","f1_mode":"A580B38D-DDC9-4A71-BF97-FCFC32F60694"},"next":{"id":0,"type":"texture","defines":{},"uniforms":{"f0_texture":"AC2A99C2-6F66-4687-9123-3EEC37D65370","f0_textureSize":"E9F1A59D-FF3A-4F06-BBBC-788503197602","f0_crop":"FBE0F753-3F24-483D-847A-1C6CD89C073D","f0_projection":"D6C9A3BA-AF7E-47DF-B8F3-D5D9E39D51F4","f0_axis":"E476F25F-1B5C-49A5-A867-846E7A66C7F6","f0_size":"07BA569C-DF76-4805-A4F2-51AB6B65C91B","f0_mat":"DF3175D4-5C3D-4692-8D3C-9F00A2818143","f0_alpha":"49367B94-708A-4EB7-AA76-D276231BE853","f0_mode":"D261FACC-DB33-4E71-A968-0BE9C90B217D"},"next":{"id":2,"type":"rainbow","defines":{},"uniforms":{"f2_filmThickness":"B3147581-471B-410B-AFC4-7ED004E64612","f2_movement":"3C73745C-F617-45B5-AAE4-58DC0D5FE9EE","f2_wavelengths":"4DA41814-0703-4B7E-B83D-859626BBFB7B","f2_noiseStrength":"93C646A7-38BD-4340-8F64-8AC0A5D35052","f2_noiseScale":"E06670E2-65E8-4483-88F9-FBE577D5D3DA","f2_offset":"C28DA9DE-3F4E-451B-A6FB-96561BE146C3","f2_alpha":"D91CD0F8-F111-48C2-9424-0750804639D2","f2_mode":"79B2DBC5-E4EF-46DC-B66D-3CE26929818A"}}}}}},"glslVersion":null,"extensions":{"derivatives":true,"shaderTextureLOD":true},"vertex":"C0A89C0D-6124-4A83-8CE2-E1A87D93E795","fragment":"C0A89C0D-6124-4A83-8CE2-E1A87D93E795"},{"uuid":"E5AE9BA3-793D-46D8-8149-B39BC0E1A7A3","type":"ShaderMaterial","transparent":true,"depthFunc":3,"depthTest":true,"depthWrite":true,"colorWrite":true,"stencilWrite":false,"stencilWriteMask":255,"stencilFunc":519,"stencilRef":0,"stencilFuncMask":255,"stencilFail":7680,"stencilZFail":7680,"stencilZPass":7680,"dithering":true,"wireframeLinecap":"","wireframeLinejoin":"","userData":{"type":"PhongMaterial","category":"Phong","nodeType":"PhongNodeMaterial","layers":{"id":6,"uuid":"58C9C366-E4D4-43AF-804D-4029F875CE7A","head":{"id":1,"type":"light","defines":{},"uniforms":{"f1_alpha":"4A53D31E-8EC6-4C4F-AB38-DD24751AF851","f1_mode":"5C49C5DB-E53F-4178-BDB7-A81DBC59C6BB","f1_shininess":"8FB31CD1-D49E-4E5F-9619-6645B55DA2C1","f1_specular":"1DB56B0A-734C-44F1-A5D9-5009C91EB69D"},"next":{"id":4,"type":"gradient","defines":{},"uniforms":{"f4_gl_type":"31BAF38D-94E5-4ADA-998B-89BADD177D8E","f4_num":"5F852A9B-87C1-40D1-9918-152790331E3E","f4_smooth":"40F954B9-DCCF-4469-81F2-67B170832360","f4_colors":"43D58A70-0FC4-4417-B3CD-D5BD096D782E","f4_steps":"2CE26F85-EBFF-415E-B9E2-A3E67F6E1CF8","f4_offset":"E515B9ED-9E89-4FDA-A0E7-F8C74CD3FABB","f4_morph":"B9E3EBA0-BA4E-4F46-9F8D-94CED7102DF8","f4_angle":"DC492FD8-1BE0-4A2D-9BA8-A5BB990DEC5A","f4_alpha":"544CC8CB-3E0C-498E-8FE1-BF824FF72FA4","f4_mode":"588BEF8A-8C5A-4968-884D-2F06FA56A113"},"next":{"id":5,"type":"rainbow","defines":{},"uniforms":{"f5_filmThickness":"423CAB57-740E-40C2-8854-6D9130A57DCB","f5_movement":"65523269-62AE-4F93-9FE1-FF6AFBD3CD04","f5_wavelengths":"098F0DEB-ECFA-4E99-94B6-583890D85AE9","f5_noiseStrength":"4A4CB1F4-C479-41FF-A9AC-241F9371D529","f5_noiseScale":"C7D21755-13AF-4BF6-8031-D44342311614","f5_offset":"021C5156-5230-406B-9407-9297DF9AB58C","f5_alpha":"2F44D80C-4CEF-4026-8D81-B7CD94F9EB21","f5_mode":"CB72D3FA-2C73-4F9A-98F2-7E6C98D633BA"}}}}}},"glslVersion":null,"defines":{"PHONG":1,"USE_LAYER_DISPLACE":1,"GRAD_MAX":10},"vertex":"B29A8BD9-F5B5-4D86-9A65-28D234087A4E","fragment":"B29A8BD9-F5B5-4D86-9A65-28D234087A4E"},{"uuid":"8BA2E7ED-E957-484F-982C-E0AE396424FC","type":"ShaderMaterial","transparent":true,"depthFunc":3,"depthTest":true,"depthWrite":true,"colorWrite":true,"stencilWrite":false,"stencilWriteMask":255,"stencilFunc":519,"stencilRef":0,"stencilFuncMask":255,"stencilFail":7680,"stencilZFail":7680,"stencilZPass":7680,"dithering":true,"wireframeLinecap":"","wireframeLinejoin":"","userData":{"type":"PhongMaterial","category":"Phong","nodeType":"PhongNodeMaterial","layers":{"id":6,"uuid":"C271B126-CDAF-46E2-A202-EC95134346FD","head":{"id":0,"type":"color","defines":{},"uniforms":{"f0_color":"343C3878-B944-47C3-84AD-DC19A41D6D08","f0_alpha":"40449531-8E4D-44FE-879F-AE6B0172B694","f0_mode":"70CCF67E-AFE0-4EE3-A7CC-ECC9681F7B9E"},"next":{"id":1,"type":"light","defines":{},"uniforms":{"f1_alpha":"B866859B-80B9-4FF9-8C21-9284842A523F","f1_mode":"CA39665E-6637-49D2-852A-368EA683D78F","f1_shininess":"16DBD646-DD34-4E9A-93CB-5B75FFC536EF","f1_specular":"DD4B7475-90B4-4FD2-974A-538C8E469819"},"next":{"id":4,"type":"gradient","defines":{},"uniforms":{"f4_gl_type":"B8B1B949-BFC4-4C0F-BBE7-00D8F7A08FAB","f4_num":"D2D9499A-2FAE-4E26-A827-EA680C168848","f4_smooth":"7574651B-BC6A-400D-A0C8-F7662C6788FD","f4_colors":"71D04EA2-6565-40EC-8907-B2CB7EEC5218","f4_steps":"6D372865-D6E6-4916-A179-EFE4272755DF","f4_offset":"9A9302F6-6646-421A-89AB-F6281FE07F3D","f4_morph":"EDF66F63-889C-441A-AB66-5C6FB9D96AA8","f4_angle":"9C274B09-5245-4108-B614-A97ACEB85715","f4_alpha":"EC3ACC19-3168-4214-9597-8DC6A5735100","f4_mode":"AF582B91-C996-4CF4-827E-1544D805675C"},"next":{"id":5,"type":"rainbow","defines":{},"uniforms":{"f5_filmThickness":"4A114E61-5DFA-4CC7-8F85-2841F7C4DFFA","f5_movement":"4ADDAA1E-60EA-40D4-8287-412BCFAE4A98","f5_wavelengths":"A1A72462-811B-4E3B-84C9-2DBB8C8FC246","f5_noiseStrength":"2C8626EB-F536-42D6-9736-4E5657254E2B","f5_noiseScale":"CB16BD18-8ECE-4F74-8402-940E0EF2687D","f5_offset":"FF71EC73-6D25-4CB9-A8CA-408598C1ECE8","f5_alpha":"57A18CC1-1FE7-4BB9-8BC6-451D619C5C95","f5_mode":"13CC206A-89B3-409B-80FF-9F31421CE08B"}}}}}}},"glslVersion":null,"defines":{"PHONG":1,"USE_LAYER_DISPLACE":1,"GRAD_MAX":10},"vertex":"1CEA05B4-851F-48B0-A4DE-3D364F649FAE","fragment":"1CEA05B4-851F-48B0-A4DE-3D364F649FAE"},{"uuid":"61AEF2B8-FD91-4422-8C2B-961C93DC9574","type":"ShaderMaterial","transparent":true,"depthFunc":3,"depthTest":true,"depthWrite":true,"colorWrite":true,"stencilWrite":false,"stencilWriteMask":255,"stencilFunc":519,"stencilRef":0,"stencilFuncMask":255,"stencilFail":7680,"stencilZFail":7680,"stencilZPass":7680,"dithering":true,"wireframeLinecap":"","wireframeLinejoin":"","userData":{"type":"BasicMaterial","category":"Basic","nodeType":"BasicNodeMaterial","layers":{"id":2,"uuid":"94C019A7-DFEC-4347-9361-B009E630D13D","head":{"id":1,"type":"light","defines":{},"uniforms":{"f1_alpha":"05D77A17-FE1D-43B7-97E1-D74B8A69E039","f1_mode":"B93E322F-0CEB-4D90-9886-DED3126F46CA"},"next":{"id":0,"type":"texture","defines":{},"uniforms":{"f0_texture":"FA8FA540-71AE-4EAA-B4F2-C2B005A09A18","f0_textureSize":"B6128DA0-63C6-461B-B029-1823844C587A","f0_crop":"A4B43271-A8CB-415C-940A-5D07599B10F6","f0_projection":"6D8B8347-A2D7-4D60-B18E-353FC39B3DBD","f0_axis":"C4BCDCE0-CBA9-48B8-B3F6-7121FA212164","f0_size":"69C27B70-2BFC-4D01-82B1-5390149D8D1B","f0_mat":"2E2D924A-2CF1-445A-8CA4-0376A8DE4D78","f0_alpha":"5BBA9EA5-497E-439A-8BC0-8C1A0AF57905","f0_mode":"673A332C-9A07-4CE4-8FE3-786FB156F1D2"}}}}},"glslVersion":null,"extensions":{"derivatives":true,"shaderTextureLOD":true},"vertex":"C9BAAFA7-2D6E-4929-B7A7-7A52E2AAF50A","fragment":"C9BAAFA7-2D6E-4929-B7A7-7A52E2AAF50A"},{"uuid":"EE3DA2D5-1E19-4EAE-9D8A-EE1486DE1DF9","type":"ShaderMaterial","side":2,"transparent":true,"depthFunc":3,"depthTest":true,"depthWrite":true,"colorWrite":true,"stencilWrite":false,"stencilWriteMask":255,"stencilFunc":519,"stencilRef":0,"stencilFuncMask":255,"stencilFail":7680,"stencilZFail":7680,"stencilZPass":7680,"dithering":true,"wireframeLinecap":"","wireframeLinejoin":"","userData":{"type":"BasicMaterial","category":"Basic","nodeType":"BasicNodeMaterial","layers":{"id":4,"uuid":"A824C28A-1130-4516-B530-95E7A78A71A2","head":{"id":1,"type":"light","defines":{},"uniforms":{"f1_alpha":"6351DA5A-0A04-403F-9C0D-248B5214CA9D","f1_mode":"204AD506-969A-40D0-8195-D55680F50346"},"next":{"id":0,"type":"texture","defines":{},"uniforms":{"f0_texture":"915FF8E4-B233-4385-B179-15F8EA3F5288","f0_textureSize":"3304EAC9-B720-4F02-BF2A-42AB549C7083","f0_crop":"703F8FE6-2F8D-414E-BF68-AFE869871412","f0_projection":"6251F04B-65B8-416A-B1A8-0B18CA94E017","f0_axis":"89571BCB-A895-4508-A1B2-0DD31B873E56","f0_size":"64D6AFB7-2CD1-4277-9968-9D8D166462F1","f0_mat":"7725CE53-EC57-402D-BE6A-9C01334B84B6","f0_alpha":"8FE2433B-F18E-41B3-A636-87DB4C5F8ECE","f0_mode":"2C324503-AACE-4B98-96AF-E095159656B8"}}}}},"glslVersion":null,"extensions":{"derivatives":true,"shaderTextureLOD":true},"vertex":"CC661959-CD39-4600-9E2D-53B6C435E854","fragment":"CC661959-CD39-4600-9E2D-53B6C435E854"},{"uuid":"D1B99C45-B7BB-4AC2-BFB0-E7E720C95BB5","type":"ShaderMaterial","transparent":true,"depthFunc":3,"depthTest":true,"depthWrite":true,"colorWrite":true,"stencilWrite":false,"stencilWriteMask":255,"stencilFunc":519,"stencilRef":0,"stencilFuncMask":255,"stencilFail":7680,"stencilZFail":7680,"stencilZPass":7680,"dithering":true,"wireframeLinecap":"","wireframeLinejoin":"","userData":{"type":"PhongMaterial","category":"Phong","nodeType":"PhongNodeMaterial","layers":{"id":6,"uuid":"7976A860-997B-4924-8CD9-44E2435C78E4","head":{"id":0,"type":"color","defines":{},"uniforms":{"f0_color":"14FF431C-A3E9-4BC5-87E4-69FD3CADE2A6","f0_alpha":"DDF5D3B4-7D77-49AD-96CC-BD7271909FE6","f0_mode":"9020B55E-0485-421E-AD3E-5A169544B942"},"next":{"id":1,"type":"light","defines":{},"uniforms":{"f1_alpha":"C5B2B09D-6F44-45EC-A822-8C456F2E8B91","f1_mode":"99FC0299-2AAD-4D9D-86FF-80A74A9BFC9F","f1_shininess":"C5F3E2F3-A57A-4974-809F-F267D15766FB","f1_specular":"E0BBC26C-6B08-44A1-A589-F33FBB2DCD43"},"next":{"id":4,"type":"gradient","defines":{},"uniforms":{"f4_gl_type":"6A146E49-A5B7-41D9-AA7B-DD0593BE6E96","f4_num":"97077258-EE0F-4439-AC9C-4677D7A119A2","f4_smooth":"6FCE6EED-C897-49AB-9790-5CBBB79D4FBA","f4_colors":"8A9784C4-A3A4-492C-B878-1E94AD25176E","f4_steps":"354C6FE1-9A49-4042-8712-BDA0D9155E0E","f4_offset":"3EC088B1-8A35-4E7A-80B5-542B32C975C8","f4_morph":"58A44FCF-8023-4CC7-9C1B-C1E63A74E23C","f4_angle":"AA76B88F-CA7A-47D6-B0BC-EF017A0074EA","f4_alpha":"C5B75E09-BC09-403D-B70E-CB0F97BDEAFE","f4_mode":"E5C5EE03-190C-49F0-A419-8801B6C240AA"},"next":{"id":5,"type":"rainbow","defines":{},"uniforms":{"f5_filmThickness":"F64A0BF5-573C-4E94-9977-96EC50089350","f5_movement":"4119F01C-A0BA-4D1C-AB41-FEB6EB29195F","f5_wavelengths":"3E8433F6-F609-4052-8291-092577A789CB","f5_noiseStrength":"4BFD9E48-6597-4031-AECA-9EF99C6FBFD4","f5_noiseScale":"1A1D4AA0-E0A4-4004-A35C-1FB557DE849D","f5_offset":"53405701-D6C8-42F7-BE82-DDA9BEB59081","f5_alpha":"D155A9C0-DBBC-492C-B2EA-9EF59B35B214","f5_mode":"A806CD02-D420-420E-8A56-2909735BD2BD"}}}}}}},"glslVersion":null,"defines":{"PHONG":1,"USE_LAYER_DISPLACE":1,"GRAD_MAX":10},"vertex":"0729A853-9C35-4AEA-AFAF-8D414FACE783","fragment":"0729A853-9C35-4AEA-AFAF-8D414FACE783"},{"uuid":"C5519AAA-41C2-4F1F-BC10-90CB8AE60C91","type":"ShaderMaterial","side":2,"transparent":true,"depthFunc":3,"depthTest":true,"depthWrite":true,"colorWrite":true,"stencilWrite":false,"stencilWriteMask":255,"stencilFunc":519,"stencilRef":0,"stencilFuncMask":255,"stencilFail":7680,"stencilZFail":7680,"stencilZPass":7680,"dithering":true,"wireframeLinecap":"","wireframeLinejoin":"","userData":{"type":"PhongMaterial","category":"Phong","nodeType":"PhongNodeMaterial","layers":{"id":4,"uuid":"642BB159-500D-45A0-A1B8-2AC8FE4FDC97","head":{"id":3,"type":"color","defines":{},"uniforms":{"f3_color":"138E2D03-5A01-4F9B-9D35-9177D5A9E506","f3_alpha":"36E0F46A-0DF0-446B-98B7-68AD498CBAE2","f3_mode":"CB724A74-CDCC-4357-9670-9F68D58ACB55"},"next":{"id":1,"type":"light","defines":{},"uniforms":{"f1_alpha":"C8E80CEE-86A3-4B92-BE72-6443444A0EF3","f1_mode":"8AD11975-68D6-4BB2-9CF8-B2E996729710","f1_shininess":"BC53C6F4-B812-412F-964B-321042048F1E","f1_specular":"E9AEBB7B-1242-4B6C-A335-FAE5A87853DD"},"next":{"id":2,"type":"rainbow","defines":{},"uniforms":{"f2_filmThickness":"F06C2B40-327C-4284-BB9B-8539B3C4B4E7","f2_movement":"D6E7A435-1525-4258-AAEB-00499CF21007","f2_wavelengths":"826DBE8F-309D-4A10-BBE6-CEC1F3431328","f2_noiseStrength":"445AB4CB-D4AD-4F09-9382-6688CC87E867","f2_noiseScale":"A07FAB3F-580E-4E74-9881-74C7B8F48BEF","f2_offset":"2C513FBE-92ED-4E98-83C6-FA271BF94932","f2_alpha":"6BDD89A3-3D9D-400F-B813-FA303B506D22","f2_mode":"37BE4F15-D87E-4972-A994-DF33168CCE4A"}}}}}},"glslVersion":null,"defines":{"PHONG":1},"vertex":"16975F73-7254-4C47-B9D7-42C808B1FA0B","fragment":"16975F73-7254-4C47-B9D7-42C808B1FA0B"},{"uuid":"7FF0B88F-EDA1-4E33-B150-74A542F25BB7","type":"ShaderMaterial","transparent":true,"depthFunc":3,"depthTest":true,"depthWrite":true,"colorWrite":true,"stencilWrite":false,"stencilWriteMask":255,"stencilFunc":519,"stencilRef":0,"stencilFuncMask":255,"stencilFail":7680,"stencilZFail":7680,"stencilZPass":7680,"dithering":true,"wireframeLinecap":"","wireframeLinejoin":"","userData":{"type":"PhongMaterial","category":"Phong","nodeType":"PhongNodeMaterial","layers":{"id":6,"uuid":"938B5B22-D6E1-4F8F-BAEE-ADF0BA982222","head":{"id":0,"type":"color","defines":{},"uniforms":{"f0_color":"41B8F554-F25C-42D1-8855-30211AD01FFD","f0_alpha":"25DD0C4F-F151-444B-8DC5-12E37F170F68","f0_mode":"884B9997-2133-43A9-93D9-34B4BF01F6FD"},"next":{"id":1,"type":"light","defines":{},"uniforms":{"f1_alpha":"7633BD3E-017E-410E-917B-EDF975A5384D","f1_mode":"06C24BB7-2226-47EB-B082-E46424717B1D","f1_shininess":"441B0AD6-8A04-4930-A681-445550E03F4D","f1_specular":"9BAD71D6-FCB5-4A65-81D7-98131ED82279"},"next":{"id":4,"type":"gradient","defines":{},"uniforms":{"f4_gl_type":"0731C9EE-7A78-49AA-AA73-36A71334F6BC","f4_num":"AA95AECE-EC24-4F04-BB56-5BB7C8DB6457","f4_smooth":"98DA42AC-6E0A-46CC-B659-75DB7A8946AA","f4_colors":"36FE4E6A-715B-4779-A462-7241FA540445","f4_steps":"849C5546-5412-4F29-A677-30BC482675B1","f4_offset":"5EACC222-4855-4837-9DB9-5CBA30D7E815","f4_morph":"17F8FDA3-E935-4F42-BB09-AC3C7360CF47","f4_angle":"B4F5E6A1-3704-4BFA-946C-911191793423","f4_alpha":"B2402C6B-18F0-4C44-B196-F4173E2104CC","f4_mode":"19A01FD7-278B-4488-84D4-A03DC29F2254"},"next":{"id":5,"type":"rainbow","defines":{},"uniforms":{"f5_filmThickness":"147C6DF5-BA9B-44E9-9697-88B7D7F1A9B2","f5_movement":"447A6D27-CBFF-4273-B407-04DFA965C653","f5_wavelengths":"6E1FA03B-E463-409A-AFB5-52790CA11565","f5_noiseStrength":"6C50312A-D10E-4927-A8FD-70B9FBE8AAE0","f5_noiseScale":"4785CCFD-BCD5-4CC3-936E-23743EAA77A8","f5_offset":"8D5E6D9B-A83E-4567-9F8E-B0AC276BF458","f5_alpha":"711073CD-BF0B-494A-BCDC-99B993EAFFB9","f5_mode":"BCE87BB3-167C-497D-B456-67B44F83C36E"}}}}}}},"glslVersion":null,"defines":{"PHONG":1,"USE_LAYER_DISPLACE":1,"GRAD_MAX":10},"vertex":"E0CE7181-75AF-41AD-97E6-6527D95B6F66","fragment":"E0CE7181-75AF-41AD-97E6-6527D95B6F66"},{"uuid":"661B14D5-317A-46CF-A3D9-B9E8AC7FAAF1","type":"ShaderMaterial","transparent":true,"depthFunc":3,"depthTest":true,"depthWrite":true,"colorWrite":true,"stencilWrite":false,"stencilWriteMask":255,"stencilFunc":519,"stencilRef":0,"stencilFuncMask":255,"stencilFail":7680,"stencilZFail":7680,"stencilZPass":7680,"dithering":true,"wireframeLinecap":"","wireframeLinejoin":"","userData":{"type":"PhongMaterial","category":"Phong","nodeType":"PhongNodeMaterial","layers":{"id":6,"uuid":"938B5B22-D6E1-4F8F-BAEE-ADF0BA982222","head":{"id":0,"type":"color","defines":{},"uniforms":{"f0_color":"855E28CF-F0B2-4D1E-B58F-4B2B283B72A1","f0_alpha":"1A1B4407-228C-49B7-AD77-C367E3D64BA2","f0_mode":"E0C0AD9A-38EC-486D-8768-F4B31D815E50"},"next":{"id":1,"type":"light","defines":{},"uniforms":{"f1_alpha":"8D5254CF-A8C4-4A59-B2AC-33CFF5E51C6C","f1_mode":"9F01CA6C-4DBD-4DA6-B30E-E3D0A6AF74A5","f1_shininess":"43EDF6A8-5B2D-4572-8087-46516D28DA17","f1_specular":"A4368514-B1C9-4EDA-AF3A-F5D68EDAC94B"},"next":{"id":4,"type":"gradient","defines":{},"uniforms":{"f4_gl_type":"FCD495E3-0E6C-42AF-8BBF-E2EAEF17F8BD","f4_num":"FD411DA8-D365-46FF-AB8E-0D02B632F8A6","f4_smooth":"C65D5547-340D-407B-B941-FFC17F5AD385","f4_colors":"A7FADF17-EAA8-4DE7-A7C4-DEC346221607","f4_steps":"E1632A34-2462-4E21-9449-DFBFB2FC7DC7","f4_offset":"118DE3F1-C373-47D4-900D-B5CD62C22628","f4_morph":"75E8CEDE-403C-49D6-B405-21D287845C47","f4_angle":"8D1619D2-9DFF-435B-96DA-5A825653A272","f4_alpha":"ECDE4286-7123-4B4C-8A29-D86FB84D3BFF","f4_mode":"AF0DEB48-C531-4255-8EDE-4A5A050F8B8D"},"next":{"id":5,"type":"rainbow","defines":{},"uniforms":{"f5_filmThickness":"C19E5D4D-C4C3-4C68-8D3B-CEA3F8159337","f5_movement":"994FB558-B99E-4432-8BF4-694F9EDA6A32","f5_wavelengths":"D6C35F96-A8F3-4D70-914C-E3AE821FE41F","f5_noiseStrength":"976D257D-4F5E-424A-82D6-837648B07E18","f5_noiseScale":"36B378F5-C157-4E0D-BD77-63468FF63C0C","f5_offset":"BC91DC94-0526-489B-A94F-C29BB89740DC","f5_alpha":"CF315DA0-075E-4C78-877A-BE9B017B6163","f5_mode":"1FA701A2-A384-48BB-A174-F368D41F5739"}}}}}}},"glslVersion":null,"defines":{"PHONG":1,"USE_LAYER_DISPLACE":1,"GRAD_MAX":10},"vertex":"2C6CD9DE-B08D-4462-837F-813DBA584A02","fragment":"2C6CD9DE-B08D-4462-837F-813DBA584A02"},{"uuid":"2FD61CD4-68B0-4595-99B3-EA394CC11179","type":"ShaderMaterial","transparent":true,"depthFunc":3,"depthTest":true,"depthWrite":true,"colorWrite":true,"stencilWrite":false,"stencilWriteMask":255,"stencilFunc":519,"stencilRef":0,"stencilFuncMask":255,"stencilFail":7680,"stencilZFail":7680,"stencilZPass":7680,"dithering":true,"wireframeLinecap":"","wireframeLinejoin":"","userData":{"type":"PhongMaterial","category":"Phong","nodeType":"PhongNodeMaterial","layers":{"id":6,"uuid":"938B5B22-D6E1-4F8F-BAEE-ADF0BA982222","head":{"id":0,"type":"color","defines":{},"uniforms":{"f0_color":"AF18D158-7191-4968-B9ED-A8ADD265B72C","f0_alpha":"3838519D-B5E6-49EA-B49A-734DB5CDC87C","f0_mode":"56376768-D712-4166-9994-C962C3278AE6"},"next":{"id":1,"type":"light","defines":{},"uniforms":{"f1_alpha":"55901B94-6292-499D-B800-281587702ACC","f1_mode":"EEF29FAE-F400-4E18-AEF9-0301554BEF19","f1_shininess":"63630AFA-69CC-40E7-9B09-DBD349273391","f1_specular":"29DAC957-4E0A-41E1-B06B-964E4A18B78A"},"next":{"id":4,"type":"gradient","defines":{},"uniforms":{"f4_gl_type":"52