{"object":{"uuid":"B6BEBD25-292C-4ECC-9729-2C0233CBC257","objectType":"Scene","name":"stairway","matrix":[1,0,0,0,0,1,0,0,0,0,1,0,0,0,0,1],"layers":1,"children":[{"uuid":"D10DB07B-CA34-437B-9D56-1B6FBD10074A","objectType":"LightDirectional","name":"Directional Light","matrix":[1,0,0,0,0,1,0,0,0,0,1,0,0,5602.907103862618,0,1],"castShadow":true,"layers":1,"hiddenMatrix":[1,0,0,0,0,1,0,0,0,0,1,0,0,0,0,1],"interaction":{"uuid":"EFB12077-EBE8-4E5E-947F-4F830C1BC75B","selectedState":0,"states":["2C74FAF9-FED8-498C-9841-0299F2D101EC","3FE136D5-BBFE-4A64-97CE-CAFD5B51F934"],"events":[{"type":10,"ui":{"isCollapsed":false},"targets":[{"easing":4,"duration":3000,"delay":0,"cubicControls":[0.5,0.05,0.1,0.3],"springParameters":{"mass":1,"stiffness":80,"damping":10,"velocity":0},"repeat":true,"cycle":true,"rewind":true,"object":"D10DB07B-CA34-437B-9D56-1B6FBD10074A","state":"3FE136D5-BBFE-4A64-97CE-CAFD5B51F934"}]}]},"enableHelper":true,"color":16777215,"intensity":10,"shadow":{"mapSize":[1024,1024],"camera":{"uuid":"CD593847-44E1-4707-9801-C5ACC7A6ABCF","type":"OrthographicCamera","layers":1,"zoom":1,"left":-1250,"right":1250,"top":1250,"bottom":-1250,"near":1,"far":2500}}},{"uuid":"E07792FC-BE38-4E77-A6BB-1A18F20E8016","objectType":"Mesh3D","name":"Cube copy 14","matrix":[0.747323757299352,-0.19839895595797438,0.634121980740103,0,0.15489648245511464,0.980126094804396,0.12410573209226772,0,-0.646135474562902,0.005476047389218625,0.7631951696339279,0,-1042.902899970359,849.2041531608909,9258.773471316143,1],"castShadow":true,"receiveShadow":true,"layers":1,"hiddenMatrix":[3.9281645372020337,0,0,0,0,3.9261128377795043,0,0,0,0,3.9295894429614124,0,8735.235216467445,-5215.067103441537,-31238.69051384424,1],"interaction":{"uuid":"38DF3392-10DB-4686-9638-4F9D1E4B9B94","selectedState":1,"states":["D90F15C0-4BC5-4A57-AB18-DAA160296946","9EE9F44A-CD5D-4711-A2BE-964AD01EDC33"],"events":[{"type":7,"ui":{"isCollapsed":false},"targets":[{"easing":4,"duration":4000,"delay":0,"cubicControls":[0.5,0.05,0.1,0.3],"springParameters":{"mass":1,"stiffness":80,"damping":10,"velocity":0},"repeat":true,"cycle":true,"rewind":true,"object":"E07792FC-BE38-4E77-A6BB-1A18F20E8016","state":"9EE9F44A-CD5D-4711-A2BE-964AD01EDC33"}]}]},"geometry":"99CB3355-14B6-4F5B-BFD2-7B11163F82C1","material":"6B1E3BAE-F903-43B6-A8A9-2E8C21F160AA"},{"uuid":"23290103-9F78-4DEB-ACB2-69BE95C8FC1F","objectType":"Mesh3D","name":"Cube copy 13","matrix":[0.7542444658732345,-0.06926507880701775,0.6529037179894467,0,-0.005546650494361688,0.9937331102247846,0.11183047457167047,0,-0.6565514109054005,-0.08796806392702543,0.7491260041563461,0,-754.2741437019101,911.2188700677636,6751.9792425130145,1],"castShadow":true,"receiveShadow":true,"layers":1,"hiddenMatrix":[3.9281645372020337,0,0,0,0,3.9261128377795043,0,0,0,0,3.9295894429614124,0,6663.30261434696,-4494.450775891938,-21079.141073829374,1],"interaction":{"uuid":"D571654B-B089-468C-89B6-65A2A671CAFD","selectedState":1,"states":["7203F203-2FB8-4D29-B6FF-3391A30B9F6A","3427CDC0-836A-44DA-AB3A-690F34EF4D58"],"events":[{"type":7,"ui":{"isCollapsed":false},"targets":[{"easing":4,"duration":2000,"delay":0,"cubicControls":[0.5,0.05,0.1,0.3],"springParameters":{"mass":1,"stiffness":80,"damping":10,"velocity":0},"repeat":true,"cycle":true,"rewind":true,"object":"23290103-9F78-4DEB-ACB2-69BE95C8FC1F","state":"3427CDC0-836A-44DA-AB3A-690F34EF4D58"}]}]},"geometry":"42E32439-2D03-492C-A1FD-178537C72C32","material":"0490EE95-DD34-42BE-8902-2C0F55B8079A"},{"uuid":"801F9B9E-FB79-4B24-8376-C2D866DCAECF","objectType":"Mesh2D","name":"[HYPER]","matrix":[0.5533143983278603,0.0061247238456104145,-0.8329499771060064,0,0.007688394421493231,0.9998928185854189,0.012459531793899957,0,0.8329370115406691,-0.013298086295353352,0.5532080040152924,0,3165.224536283892,3909.669388767524,1712.7440523899566,1],"castShadow":true,"receiveShadow":true,"layers":1,"hiddenMatrix":[1,0,0,0,0,1,0,0,0,0,1,0,0,0,0,1],"interaction":{"uuid":"AA13F1C2-0B20-4D08-AE0A-9BFD3DF479EA","selectedState":0,"states":["C8C7702D-8661-4956-9A7C-D3562DD75D97","60AB2114-146B-4AB8-93BD-E425464CCA9D"],"events":[{"type":7,"ui":{"isCollapsed":false},"targets":[{"easing":4,"duration":2000,"delay":0,"cubicControls":[0.5,0.05,0.1,0.3],"springParameters":{"mass":1,"stiffness":80,"damping":10,"velocity":0},"repeat":true,"cycle":true,"rewind":true,"object":"801F9B9E-FB79-4B24-8376-C2D866DCAECF","state":"60AB2114-146B-4AB8-93BD-E425464CCA9D"}]}]},"geometry":"4641AC4C-915A-4168-BDBC-BE5B5621E998","material":"6008D210-CD39-4095-AB0C-6693BDFBF4D9"},{"uuid":"E433FF55-C738-4319-9213-52A51DE897B3","objectType":"Mesh2D","name":"VIBES","matrix":[0.9995330621102533,-0.003124241584820545,-0.030395671780885127,0,0.005919110234657801,0.9957137249423049,0.09229919878061796,0,0.029977022575992957,-0.09243601611944201,0.9952672812071338,0,5182.079703954019,2978.8560328679837,419.4988833577354,1],"castShadow":true,"receiveShadow":true,"layers":1,"hiddenMatrix":[1,0,0,0,0,1,0,0,0,0,1,0,0,0,0,1],"interaction":{"uuid":"B08E444E-9EFF-4832-801C-AE7C11935AC7","selectedState":1,"states":["BF187569-1DD7-42C5-B004-D8B4F2D54588","1FCA2C57-93FF-4654-914D-FDEACFDA9E28"],"events":[{"type":7,"ui":{"isCollapsed":false},"targets":[{"easing":4,"duration":3000,"delay":0,"cubicControls":[0.5,0.05,0.1,0.3],"springParameters":{"mass":1,"stiffness":80,"damping":10,"velocity":0},"repeat":true,"cycle":true,"rewind":true,"object":"E433FF55-C738-4319-9213-52A51DE897B3","state":"1FCA2C57-93FF-4654-914D-FDEACFDA9E28"}]}]},"geometry":"BDF7537B-98C7-46EE-BA4B-6E28BADCE49B","material":"E326ECE2-E189-4192-B10C-B3683E7244E5"},{"uuid":"0C127AF3-C332-4D71-98EE-0EAE79972762","objectType":"Mesh3D","name":"Cube copy 12","matrix":[0.7498148882472164,-0.005702477479039909,0.6615971172249621,0,0.009638256480978321,0.999972053831829,-0.0023044086043365825,0,-0.6615588590283376,0.00810444138345299,0.7498413829652046,0,-1264.5993186914718,1206.7831258545352,4164.400955121778,1],"castShadow":true,"receiveShadow":true,"layers":1,"hiddenMatrix":[3.9281645372020337,0,0,0,0,3.9261128377795043,0,0,0,0,3.9295894429614124,0,9455.7171471098,-4571.258614684652,-11880.908681597692,1],"interaction":{"uuid":"940D4106-8E88-4123-A0E4-C555A322D027","selectedState":1,"states":["10484F41-C54A-48C7-8291-F6478B5439C6","B93D6C57-08E0-4CA7-B362-0BCAE4074C9F"],"events":[{"type":2,"ui":{"isCollapsed":false},"targets":[{"easing":0,"duration":1000,"delay":0,"cubicControls":[0.5,0.05,0.1,0.3],"springParameters":{"mass":1,"stiffness":80,"damping":10,"velocity":0},"repeat":true,"cycle":true,"rewind":true,"object":"0C127AF3-C332-4D71-98EE-0EAE79972762","state":"B93D6C57-08E0-4CA7-B362-0BCAE4074C9F"}]}]},"geometry":"9DD0FF2D-FBD0-401A-BFF8-5717E5B80F7F","material":"5F7FED10-CE29-4E08-A8FE-5A2C4ADF0A81"},{"uuid":"9AD2E73E-BBA8-46AD-A016-BCA3CB6FD1E8","objectType":"Mesh3D","name":"Torus Knot copy","matrix":[-0.9977680511975935,0.042444253251586406,-0.051549989091045904,0,0.047432484684989215,0.9938814237205338,-0.09974906004496026,0,0.04700080218443074,-0.1019715693179242,-0.9936763676594493,0,-89.22580660210127,915.2072883056056,927.428963880279,1],"castShadow":true,"receiveShadow":true,"layers":1,"hiddenMatrix":[3.9259895488701106,0,0,0,0,3.9261128377795043,0,0,0,0,3.9257705999653374,0,1644.5811881114134,-703.0778702852181,-3059.06209281474,1],"interaction":{"uuid":"1C4A0B45-2951-4F39-AA33-A8C9DCE6E59E","selectedState":0,"states":["CC8BA9F6-DF5F-4634-BF6D-8A5D99605C24"],"events":[{"type":7,"ui":{"isCollapsed":false},"targets":[{"easing":4,"duration":1000,"delay":0,"cubicControls":[0.5,0.05,0.1,0.3],"springParameters":{"mass":1,"stiffness":80,"damping":10,"velocity":0},"object":"9AD2E73E-BBA8-46AD-A016-BCA3CB6FD1E8"}]}]},"geometry":"5AD6645F-D5FE-41F2-A531-663F27B78A59","material":"EABCCA53-B9DA-49D0-BC33-025DBA19CA50"},{"uuid":"3801DB73-570B-410D-83C6-EC1F962F9FD9","objectType":"Mesh3D","name":"Cube copy 11","matrix":[0.667226033764271,-0.10194181452887206,0.7378230931088501,0,0.029465853764811024,0.9934478559895791,0.11061390339050024,0,-0.7442574951485489,-0.052063367042156423,0.6658514040411844,0,-790.0031349701867,1256.2063698957627,3065.191856733776,1],"castShadow":true,"receiveShadow":true,"layers":1,"hiddenMatrix":[3.9281645372020337,0,0,0,0,3.9261128377795043,0,0,0,0,3.9295894429614124,0,8516.961491692684,-3885.904836905017,-8046.014211803078,1],"interaction":{"uuid":"D2A1492F-E948-4983-B890-77B0A1EF9AE2","selectedState":1,"states":["57881968-1F12-4665-8BF4-6E688B19BBCB","E416C96B-20FD-4B14-BA1E-B66275CD01CD"],"events":[{"type":2,"ui":{"isCollapsed":false},"targets":[{"easing":0,"duration":1000,"delay":0,"cubicControls":[0.5,0.05,0.1,0.3],"springParameters":{"mass":1,"stiffness":80,"damping":10,"velocity":0},"object":"3801DB73-570B-410D-83C6-EC1F962F9FD9","state":"E416C96B-20FD-4B14-BA1E-B66275CD01CD"}]}]},"geometry":"D06642E0-9D6A-4CE1-BD8B-EB9F25315AEC","material":"D413B86B-16E5-4641-BCA1-C3D47B0C94A8"},{"uuid":"F62B5CD5-B909-4116-A367-F052CDABFFA3","objectType":"Mesh3D","name":"Cube copy 10","matrix":[0.548783159088857,-0.04623083986867575,0.8346854220276617,0,-0.030078031481514125,0.9967311942908157,0.07498158673831244,0,-0.8354234592843658,-0.06625432644465538,0.545598760908338,0,-1058.8862574649465,1277.184824574978,1839.4445687542484,1],"castShadow":true,"receiveShadow":true,"layers":1,"hiddenMatrix":[3.9281645372020337,0,0,0,0,3.9261128377795043,0,0,0,0,3.9295894429614124,0,10139.494946713134,-3259.70918368747,-4451.741802736702,1],"interaction":{"uuid":"5CD288DF-5B23-45B1-9C70-DFBECBA0846A","selectedState":0,"states":["61080194-E6DB-4E11-B341-095FAB8DF29B","C1640283-DF46-4E35-A0A0-C4C6E0A63483"],"events":[{"type":2,"ui":{"isCollapsed":false},"targets":[{"easing":0,"duration":1000,"delay":0,"cubicControls":[0.5,0.05,0.1,0.3],"springParameters":{"mass":1,"stiffness":80,"damping":10,"velocity":0},"repeat":true,"cycle":true,"rewind":true,"object":"F62B5CD5-B909-4116-A367-F052CDABFFA3","state":"C1640283-DF46-4E35-A0A0-C4C6E0A63483"}]}]},"geometry":"A69F237C-8D24-460F-A2BD-A7E240480DCD","material":"F7A3C315-DC63-4B17-8950-7F67AD8F3EA6"},{"uuid":"297457F8-5CA8-4DC2-8AA5-B0DFEB77B5EB","objectType":"Mesh3D","name":"Cube copy 9","matrix":[0.548783159088857,-0.04623083986867575,0.8346854220276617,0,-0.030078031481514125,0.9967311942908157,0.07498158673831244,0,-0.8354234592843658,-0.06625432644465538,0.545598760908338,0,159.66374904130544,1057.1687380821825,1097.014188788087,1],"castShadow":true,"receiveShadow":true,"layers":1,"hiddenMatrix":[3.9281645372020337,0,0,0,0,3.9261128377795043,0,0,0,0,3.9295894429614124,0,6260.281034858233,-1879.1176206208147,-1704.2214303691653,1],"interaction":{"uuid":"23B1F8A5-51CA-4D67-BEBF-E77DEE5A1A6D","selectedState":0,"states":["3CB41532-D227-4387-853A-B7A86319A09E","FC06EC17-FEA3-4743-8A20-CD71FC7ED14C"],"events":[{"type":2,"ui":{"isCollapsed":false},"targets":[{"easing":6,"duration":1000,"delay":0,"cubicControls":[0.5,0.05,0.1,0.3],"springParameters":{"mass":1,"stiffness":80,"damping":10,"velocity":0},"repeat":true,"cycle":true,"rewind":true,"object":"297457F8-5CA8-4DC2-8AA5-B0DFEB77B5EB","state":"FC06EC17-FEA3-4743-8A20-CD71FC7ED14C"}]}]},"geometry":"C2311F84-E6F4-4252-B4BD-1A6CAB8C5E6B","material":"1088D6F9-FC6B-418E-9FFE-FA2707488DAD"},{"uuid":"DFE85130-478A-443A-B54C-541016BD69A1","objectType":"Mesh3D","name":"Cube copy 8","matrix":[0.5485694815535503,0.002932549328998508,0.8360998290051891,0,-0.017840304593642255,0.9998072364846544,0.00819837818812458,0,-0.8359146173145208,-0.01941365569238433,0.5485160549451434,0,1135.2942433774076,804.0589464873098,667.1999304149303,1],"castShadow":true,"receiveShadow":true,"layers":1,"hiddenMatrix":[3.9281645372020337,0,0,0,0,3.9261128377795043,0,0,0,0,3.9295894429614124,0,2913.45172559015,-135.27051698263472,-1060.9430084922096,1],"interaction":{"uuid":"C83E99D5-DE83-4D9B-96CB-478595D46354","selectedState":1,"states":["3D67B8D1-24C1-499F-B08F-16D653A21163","B24D664B-16F3-46AD-A636-5EB55377F3B1"],"events":[{"type":7,"ui":{"isCollapsed":false},"targets":[{"easing":4,"duration":2000,"delay":0,"cubicControls":[0.5,0.05,0.1,0.3],"springParameters":{"mass":1,"stiffness":80,"damping":10,"velocity":0},"repeat":true,"cycle":true,"rewind":true,"object":"DFE85130-478A-443A-B54C-541016BD69A1","state":"B24D664B-16F3-46AD-A636-5EB55377F3B1"}]}]},"geometry":"936CFBA8-5B2A-4524-9633-7007FDE2785D","material":"48878951-1EF4-49A3-AD8C-9CC4C42DEA85"},{"uuid":"CE860836-D635-4AD2-984C-2BC85CFCA634","objectType":"Mesh3D","name":"Torus Knot","matrix":[0.8683263360394097,-0.23497931491042132,0.4367998348266658,0,0.2596212221364867,0.9657045450639108,0.003398920308057854,0,-0.4226182617406997,0.11045113492912882,0.8995523062257896,0,1763.9124281772338,1013.0754912450265,311.9511255225788,1],"castShadow":true,"receiveShadow":true,"layers":1,"hiddenMatrix":[3.9259895488701106,0,0,0,0,3.9261128377795043,0,0,0,0,3.9257705999653374,0,1769.5777124092394,-114.75874031324912,21.33639548238716,1],"interaction":{"uuid":"E487EE0E-A950-4E6E-894D-73C58AB050EE","selectedState":1,"states":["32BD78B0-D3AF-41FE-A424-CA1C454BF540","FE5958E8-E9C0-4E16-94BF-503459C9F38E"],"events":[{"type":7,"ui":{"isCollapsed":false},"targets":[{"easing":4,"duration":2000,"delay":0,"cubicControls":[0.5,0.05,0.1,0.3],"springParameters":{"mass":1,"stiffness":80,"damping":10,"velocity":0},"repeat":true,"cycle":true,"rewind":true,"object":"CE860836-D635-4AD2-984C-2BC85CFCA634","state":"FE5958E8-E9C0-4E16-94BF-503459C9F38E"}]}]},"geometry":"D79F140E-5073-4673-BA45-B0E0130F7B1A","material":"7B34D4E8-A81D-48A2-A7AC-C079A089580B"},{"uuid":"66385041-BCFB-4917-A982-81624972B250","objectType":"Mesh3D","name":"Cube copy 7","matrix":[0.5495173628715788,-0.08278372425932679,0.8313708696486943,0,-0.07694703156449323,0.9858350678425731,0.14902474071520447,0,-0.8319313807256481,-0.14586320306909883,0.5353635248635682,0,1534.0713808575615,1198.9368543575588,423.61229358777985,1],"castShadow":true,"receiveShadow":true,"layers":1,"hiddenMatrix":[3.9281645372020337,0,0,0,0,3.9261128377795043,0,0,0,0,3.9295894429614124,0,2448.184226485567,-1118.133027463579,-340.65600612058006,1],"interaction":{"uuid":"3837B7AE-7AE5-4A43-9052-91C5562A43AD","selectedState":1,"states":["74D27610-E6A1-4468-B816-A0047FECA153","17CD7700-3E98-49B7-8143-4456D9C6838D"],"events":[{"type":7,"ui":{"isCollapsed":false},"targets":[{"easing":4,"duration":1000,"delay":0,"cubicControls":[0.5,0.05,0.1,0.3],"springParameters":{"mass":1,"stiffness":80,"damping":10,"velocity":0},"repeat":true,"cycle":true,"rewind":true,"object":"66385041-BCFB-4917-A982-81624972B250","state":"17CD7700-3E98-49B7-8143-4456D9C6838D"}]}]},"geometry":"7BBE6757-059C-4A81-8083-3B76000A7FF7","material":"E1E0AEA2-B7EA-455B-8313-EA58F0B42D7B"},{"uuid":"3B695796-4617-4F45-BF86-E0B33A41DF6B","objectType":"CombinedCamera","name":"Default Camera","matrix":[0.9839376514527837,-3.469446951953614e-18,-0.1785124590990231,0,0.03333019078500406,0.9824149352021778,0.18371171294704086,0,0.1753733059385482,-0.18671072570075004,0.9666350440949695,0,6997.983434424801,-1705.137532705292,14642.482402740796,1],"layers":9,"children":[{"uuid":"E3F6D54D-4262-4F48-815D-87A431E15474","type":"DirectionalLight","name":"Default Directional Light","layers":1,"matrix":[1,0,0,0,0,1,0,0,0,0,1,0,850000,1300000,1000000,1],"color":3269535,"intensity":2.503,"shadow":{"camera":{"uuid":"A365B353-F1AA-4566-BF6A-A7B546E473F0","type":"OrthographicCamera","layers":1,"zoom":1,"left":-5,"right":5,"top":5,"bottom":-5,"near":0.5,"far":500}}}],"hiddenMatrix":[1,0,0,0,0,1,0,0,0,0,1,0,0,0,0,1],"interaction":{"uuid":"B2468481-CBDD-4F0F-B576-73B5F8EA49C6"},"enableHelper":false,"cameraType":"OrthographicCamera","targetOffset":14388.426614425163,"isUpVectorFlipped":false,"angleOffsetFromUp":0,"left":-1194.5,"right":1194.5,"top":817.5,"bottom":-817.5,"zoomOrtho":0.10467395472325514,"nearOrtho":-50000,"far":50000,"aspect":1.4611620795107034,"fov":45,"focus":10,"filmGauge":35,"filmOffset":0,"zoomPersp":1,"nearPersp":50},{"uuid":"36878CE4-1A1A-40E5-B27A-7718B3714A24","type":"HemisphereLight","name":"Default Ambient Light","layers":1,"matrix":[1,0,0,0,0,1,0,0,0,0,1,0,0,1,0,1],"color":16735658,"intensity":0.75,"groundColor":8553090}],"activeCamera":"3B695796-4617-4F45-BF86-E0B33A41DF6B","camera":"3B695796-4617-4F45-BF86-E0B33A41DF6B","directionalLight":"E3F6D54D-4262-4F48-815D-87A431E15474","ambientLight":"36878CE4-1A1A-40E5-B27A-7718B3714A24","color":[0.09803921568627451,0.09803921568627451,0.09803921568627451],"alpha":1,"directionalLightState":true,"ambientLightState":true,"canvas":{"mode":2,"preset":"fullhd","editorSize":{"width":2389,"height":1635},"color":[0,0,0,0.5],"size":{"width":1680,"height":1025}},"postprocessing":{"enabled":false,"bloom":{"enabled":false,"opacity":1,"blendFunction":16,"intensity":1,"luminanceThreshold":0.9,"luminanceSmoothing":0.025,"blurScale":1,"kernelSize":3},"chromaticAberration":{"enabled":false,"opacity":1,"blendFunction":13,"offset":[10,10]},"vignette":{"enabled":false,"opacity":1,"blendFunction":13,"eskil":false,"darkness":0.5,"offset":0.5},"noise":{"enabled":false,"opacity":1,"blendFunction":14},"colorAverage":{"enabled":false,"opacity":1,"blendFunction":13},"hueSaturation":{"enabled":false,"opacity":1,"blendFunction":13,"_hue":0,"hue":0,"saturation":0},"brightnessContrast":{"enabled":false,"opacity":1,"blendFunction":13,"contrast":0,"brightness":0},"depthOfField":{"enabled":false,"opacity":1,"blendFunction":13,"focalLength":0.1,"focusDistance":0,"bokehScale":1},"pixelation":{"enabled":false,"opacity":1,"blendFunction":13,"granularity":30}}},"metadata":{"version":1.5,"type":"Object","generator":"Object3D.toJSON"},"geometries":[{"uuid":"99CB3355-14B6-4F5B-BFD2-7B11163F82C1","userData":{"parameters":{"width":1069,"widthSegments":1,"heightSegments":1,"depthSegments":1,"cornerRadius":0,"cornerSegments":8,"height":68,"depth":375},"type":"CubeGeometry"}},{"uuid":"42E32439-2D03-492C-A1FD-178537C72C32","userData":{"parameters":{"width":670,"widthSegments":1,"heightSegments":1,"depthSegments":1,"cornerRadius":0,"cornerSegments":8,"height":64,"depth":235},"type":"CubeGeometry"}},{"uuid":"4641AC4C-915A-4168-BDBC-BE5B5621E998","userData":{"shape":{"points":[-1813.5,229.5,-1813.5,229.5,-1813.5,229.5,0,1813.5,229.5,1813.5,229.5,1813.5,229.5,0,1813.5,-229.5,1813.5,-229.5,1813.5,-229.5,0,-1813.5,-229.5,-1813.5,-229.5,-1813.5,-229.5,0],"shapeHoles":[],"isClosed":true,"roundness":0},"parameters":{"width":3627,"depth":0,"cornerRadius":[0,0,0,0],"cornerType":1,"extrudeDepth":0,"extrudeBevelSize":0,"extrudeBevelSegments":1,"height":459,"surfaceMaxCount":1000},"ui":{"enabledIndieCorners":false},"type":"RectangleGeometry"}},{"uuid":"BDF7537B-98C7-46EE-BA4B-6E28BADCE49B","userData":{"shape":{"points":[-4393.5,615,-4393.5,615,-4393.5,615,0,4393.5,615,4393.5,615,4393.5,615,0,4393.5,-615,4393.5,-615,4393.5,-615,0,-4393.5,-615,-4393.5,-615,-4393.5,-615,0],"shapeHoles":[],"isClosed":true,"roundness":0},"parameters":{"width":8787,"depth":0,"cornerRadius":[0,0,0,0],"cornerType":1,"extrudeDepth":0,"extrudeBevelSize":0,"extrudeBevelSegments":10,"height":1230,"surfaceMaxCount":1000},"ui":{"enabledIndieCorners":false},"type":"RectangleGeometry"}},{"uuid":"9DD0FF2D-FBD0-401A-BFF8-5717E5B80F7F","userData":{"parameters":{"width":670,"widthSegments":1,"heightSegments":1,"depthSegments":1,"cornerRadius":0,"cornerSegments":8,"height":64,"depth":235},"type":"CubeGeometry"}},{"uuid":"5AD6645F-D5FE-41F2-A531-663F27B78A59","userData":{"parameters":{"width":224,"depth":1,"tube":22,"tubularSegments":62,"radialSegments":3,"p":3,"q":3,"height":203},"type":"TorusKnotGeometry"}},{"uuid":"D06642E0-9D6A-4CE1-BD8B-EB9F25315AEC","userData":{"parameters":{"width":670,"widthSegments":1,"heightSegments":1,"depthSegments":1,"cornerRadius":0,"cornerSegments":8,"height":62,"depth":227},"type":"CubeGeometry"}},{"uuid":"A69F237C-8D24-460F-A2BD-A7E240480DCD","userData":{"parameters":{"width":668,"widthSegments":1,"heightSegments":1,"depthSegments":1,"cornerRadius":0,"cornerSegments":8,"height":61,"depth":226},"type":"CubeGeometry"}},{"uuid":"C2311F84-E6F4-4252-B4BD-1A6CAB8C5E6B","userData":{"parameters":{"width":668,"widthSegments":1,"heightSegments":1,"depthSegments":1,"cornerRadius":0,"cornerSegments":8,"height":61,"depth":226},"type":"CubeGeometry"}},{"uuid":"936CFBA8-5B2A-4524-9633-7007FDE2785D","userData":{"parameters":{"width":668,"widthSegments":1,"heightSegments":1,"depthSegments":1,"cornerRadius":0,"cornerSegments":8,"height":61,"depth":226},"type":"CubeGeometry"}},{"uuid":"D79F140E-5073-4673-BA45-B0E0130F7B1A","userData":{"parameters":{"width":254,"depth":1,"tube":50,"tubularSegments":64,"radialSegments":32,"p":2,"q":3,"height":254},"type":"TorusKnotGeometry"}},{"uuid":"7BBE6757-059C-4A81-8083-3B76000A7FF7","userData":{"parameters":{"width":668,"widthSegments":1,"heightSegments":1,"depthSegments":1,"cornerRadius":0,"cornerSegments":8,"height":61,"depth":226},"type":"CubeGeometry"}}],"materials":[{"uuid":"6B1E3BAE-F903-43B6-A8A9-2E8C21F160AA","type":"ShaderMaterial","transparent":true,"depthFunc":3,"depthTest":true,"depthWrite":true,"colorWrite":true,"stencilWrite":false,"stencilWriteMask":255,"stencilFunc":519,"stencilRef":0,"stencilFuncMask":255,"stencilFail":7680,"stencilZFail":7680,"stencilZPass":7680,"dithering":true,"wireframeLinecap":"","wireframeLinejoin":"","userData":{"type":"PhongMaterial","category":"Phong","nodeType":"PhongNodeMaterial","layers":{"id":6,"uuid":"58C9C366-E4D4-43AF-804D-4029F875CE7A","head":{"id":1,"type":"light","defines":{},"uniforms":{"f1_alpha":"4A53D31E-8EC6-4C4F-AB38-DD24751AF851","f1_mode":"5C49C5DB-E53F-4178-BDB7-A81DBC59C6BB","f1_shininess":"F51DF8AD-625F-49D3-9EEA-CD71306060BA","f1_specular":"F2C52E32-2CED-4C1E-8871-D2C84D12BBF1"},"next":{"id":4,"type":"gradient","defines":{},"uniforms":{"f4_gl_type":"4E74051E-C027-420F-9677-3DBA0B218C33","f4_num":"02F20F88-7C80-4A85-A9FD-29D81937DAD1","f4_smooth":"0DFA560F-45F9-457C-865B-A7F04AF0B8A9","f4_colors":"60D68C69-DE13-4B2F-A06B-9AD69C874D37","f4_steps":"06F45CE2-C466-4DB7-A800-860125220BA5","f4_offset":"100B022C-4DE6-4FAE-A834-2F9692E7AFF1","f4_morph":"FFBC1A18-7961-4F55-9470-F77CBEE8DA2E","f4_angle":"3956E44E-9548-402A-8021-09844C5DCD08","f4_alpha":"7244B5B5-0A99-4538-A56B-691F6B0D0191","f4_mode":"C28A8CEF-691A-4B4A-B8F8-62D9A6E675C0"},"next":{"id":5,"type":"rainbow","defines":{},"uniforms":{"f5_filmThickness":"6F9ADD63-BB06-48CD-819F-4B2EA880F6B7","f5_movement":"BBA95844-9CE2-4EBD-AF0D-8E0E4AD59916","f5_wavelengths":"461D9DBB-7D3F-4A13-BB10-73F67ABC0BD8","f5_noiseStrength":"EBF85258-A252-48D1-9318-6DA06FB7A1C9","f5_noiseScale":"75E38ED2-50D1-44B3-8F51-CBC94AD342DF","f5_offset":"A3745847-B3CB-4341-98C9-11EA13173622","f5_alpha":"6EB9687F-8667-419E-9F7C-6DB1817D63EE","f5_mode":"55BBFEAC-D366-43C9-9AB5-3BE8430B6C83"}}}}}},"glslVersion":null,"defines":{"PHONG":1,"USE_LAYER_DISPLACE":1,"GRAD_MAX":10},"vertex":"B29A8BD9-F5B5-4D86-9A65-28D234087A4E","fragment":"B29A8BD9-F5B5-4D86-9A65-28D234087A4E"},{"uuid":"0490EE95-DD34-42BE-8902-2C0F55B8079A","type":"ShaderMaterial","transparent":true,"depthFunc":3,"depthTest":true,"depthWrite":true,"colorWrite":true,"stencilWrite":false,"stencilWriteMask":255,"stencilFunc":519,"stencilRef":0,"stencilFuncMask":255,"stencilFail":7680,"stencilZFail":7680,"stencilZPass":7680,"dithering":true,"wireframeLinecap":"","wireframeLinejoin":"","userData":{"type":"PhongMaterial","category":"Phong","nodeType":"PhongNodeMaterial","layers":{"id":6,"uuid":"C271B126-CDAF-46E2-A202-EC95134346FD","head":{"id":0,"type":"color","defines":{},"uniforms":{"f0_color":"049BF9F3-A049-412B-99A3-6D359AC07A53","f0_alpha":"01E75AE7-801F-4974-A5DA-C680A185A224","f0_mode":"01A4465F-8D02-45B9-A2FB-1F17C02CD7CE"},"next":{"id":1,"type":"light","defines":{},"uniforms":{"f1_alpha":"B866859B-80B9-4FF9-8C21-9284842A523F","f1_mode":"CA39665E-6637-49D2-852A-368EA683D78F","f1_shininess":"2C677FA2-9983-4A64-8415-2C64BE401D5F","f1_specular":"AFF90EE3-6A10-4489-B4F3-4BF06A1CAA4C"},"next":{"id":4,"type":"gradient","defines":{},"uniforms":{"f4_gl_type":"F8916B40-36A2-4017-9280-DE1E758ECD33","f4_num":"F34113D7-E412-4796-8D42-A8274BE96C14","f4_smooth":"E8E76FC7-736B-4D69-AE42-E0F94C9879B6","f4_colors":"1E2EA540-6A49-4343-8661-CCA0BF7A6083","f4_steps":"AD7DFAF4-2240-4E66-8023-9E513E7E560E","f4_offset":"47ABBDFB-47BE-45D1-94BD-B6E09DB702FE","f4_morph":"7DD94FA0-7931-49E3-862A-584088631E67","f4_angle":"80D187E7-B3F5-4B5A-A1E3-D12DE4412585","f4_alpha":"6C0CAE9E-518D-43B2-96D2-4307814CF1F4","f4_mode":"A84E71A7-6192-4562-80D6-9FC53B4BA93A"},"next":{"id":5,"type":"rainbow","defines":{},"uniforms":{"f5_filmThickness":"3553827C-A02A-4CB4-B8D9-0E14343E19BA","f5_movement":"1924EAA2-5904-4134-8C43-8F10EE02F853","f5_wavelengths":"864C2200-7974-4E6F-B8E4-255354CC4016","f5_noiseStrength":"BB9CAE18-ECF7-4DF8-A5D7-43129743A521","f5_noiseScale":"D41D69D9-E843-420C-9DF9-213BB9CE406B","f5_offset":"5EF7ECFF-E189-4C64-B06D-60CFCE879E3A","f5_alpha":"42A847D4-4D1C-45C9-BB9C-6220F9F87695","f5_mode":"4A93FDD8-7398-4852-9886-1DE690C9E97C"}}}}}}},"glslVersion":null,"defines":{"PHONG":1,"USE_LAYER_DISPLACE":1,"GRAD_MAX":10},"vertex":"1CEA05B4-851F-48B0-A4DE-3D364F649FAE","fragment":"1CEA05B4-851F-48B0-A4DE-3D364F649FAE"},{"uuid":"6008D210-CD39-4095-AB0C-6693BDFBF4D9","type":"ShaderMaterial","transparent":true,"depthFunc":3,"depthTest":true,"depthWrite":true,"colorWrite":true,"stencilWrite":false,"stencilWriteMask":255,"stencilFunc":519,"stencilRef":0,"stencilFuncMask":255,"stencilFail":7680,"stencilZFail":7680,"stencilZPass":7680,"dithering":true,"wireframeLinecap":"","wireframeLinejoin":"","userData":{"type":"BasicMaterial","category":"Basic","nodeType":"BasicNodeMaterial","layers":{"id":2,"uuid":"94C019A7-DFEC-4347-9361-B009E630D13D","head":{"id":1,"type":"light","defines":{},"uniforms":{"f1_alpha":"05D77A17-FE1D-43B7-97E1-D74B8A69E039","f1_mode":"B93E322F-0CEB-4D90-9886-DED3126F46CA"},"next":{"id":0,"type":"texture","defines":{},"uniforms":{"f0_texture":"90EA8276-FBD7-43CC-BA4C-DDC7971714C7","f0_textureSize":"72F94B2A-A6A6-485A-81E5-80D1BBFC40D5","f0_crop":"CB77A663-549B-4B81-8E55-4B051F4F060B","f0_projection":"D5E24465-0B86-4D68-B022-8F355954E070","f0_axis":"C3E0B224-4E46-4973-B35A-644E12F00C34","f0_size":"A2AA732B-41AE-4B3F-A819-8AC062715E4E","f0_mat":"F56E046C-D8E3-4467-9C6F-5C85B78F7E39","f0_alpha":"6A63A43B-9B6F-43BB-9356-11AAD9422D7D","f0_mode":"233D8A46-415A-441B-8FD2-5D7A490C5C44"}}}}},"glslVersion":null,"extensions":{"derivatives":true,"shaderTextureLOD":true},"vertex":"C9BAAFA7-2D6E-4929-B7A7-7A52E2AAF50A","fragment":"C9BAAFA7-2D6E-4929-B7A7-7A52E2AAF50A"},{"uuid":"E326ECE2-E189-4192-B10C-B3683E7244E5","type":"ShaderMaterial","side":2,"transparent":true,"depthFunc":3,"depthTest":true,"depthWrite":true,"colorWrite":true,"stencilWrite":false,"stencilWriteMask":255,"stencilFunc":519,"stencilRef":0,"stencilFuncMask":255,"stencilFail":7680,"stencilZFail":7680,"stencilZPass":7680,"dithering":true,"wireframeLinecap":"","wireframeLinejoin":"","userData":{"type":"BasicMaterial","category":"Basic","nodeType":"BasicNodeMaterial","layers":{"id":4,"uuid":"A824C28A-1130-4516-B530-95E7A78A71A2","head":{"id":1,"type":"light","defines":{},"uniforms":{"f1_alpha":"6351DA5A-0A04-403F-9C0D-248B5214CA9D","f1_mode":"204AD506-969A-40D0-8195-D55680F50346"},"next":{"id":0,"type":"texture","defines":{},"uniforms":{"f0_texture":"99901933-BDB4-4353-AD15-DBF77D21B81A","f0_textureSize":"F4940DA6-BDD6-4C73-BFDD-3CD5BBB50F78","f0_crop":"CDCEE568-70F1-4381-BB63-1E343B4F392B","f0_projection":"E2E21A6E-9C00-430B-958E-840F69C24430","f0_axis":"790F1483-16E1-4C38-B2DE-BA82E4B13A77","f0_size":"7C82F8CB-D28D-4255-9EC5-3F1109D01B40","f0_mat":"DDDA3C6A-56C4-456A-8B1E-9B25181B0CC3","f0_alpha":"E3DD04A3-842F-4721-9C7F-692C40BFECAD","f0_mode":"160FB50A-915A-40EE-8A6B-CD41227D083E"}}}}},"glslVersion":null,"extensions":{"derivatives":true,"shaderTextureLOD":true},"vertex":"CC661959-CD39-4600-9E2D-53B6C435E854","fragment":"CC661959-CD39-4600-9E2D-53B6C435E854"},{"uuid":"5F7FED10-CE29-4E08-A8FE-5A2C4ADF0A81","type":"ShaderMaterial","transparent":true,"depthFunc":3,"depthTest":true,"depthWrite":true,"colorWrite":true,"stencilWrite":false,"stencilWriteMask":255,"stencilFunc":519,"stencilRef":0,"stencilFuncMask":255,"stencilFail":7680,"stencilZFail":7680,"stencilZPass":7680,"dithering":true,"wireframeLinecap":"","wireframeLinejoin":"","userData":{"type":"PhongMaterial","category":"Phong","nodeType":"PhongNodeMaterial","layers":{"id":6,"uuid":"7976A860-997B-4924-8CD9-44E2435C78E4","head":{"id":0,"type":"color","defines":{},"uniforms":{"f0_color":"381EFCAE-208F-4176-A1D4-ABC820DB3C2E","f0_alpha":"5481D74C-A0BD-4BB2-997C-E0D3401722C1","f0_mode":"717E7F96-6145-4864-967B-80598686AE7E"},"next":{"id":1,"type":"light","defines":{},"uniforms":{"f1_alpha":"C5B2B09D-6F44-45EC-A822-8C456F2E8B91","f1_mode":"99FC0299-2AAD-4D9D-86FF-80A74A9BFC9F","f1_shininess":"48EDE305-E20C-4DC0-968B-0D2EB2A61FB7","f1_specular":"63FB8E28-BAC5-4F42-BB5F-7EB2999B8A13"},"next":{"id":4,"type":"gradient","defines":{},"uniforms":{"f4_gl_type":"4D854C07-01CA-4A14-BC20-2E0DD5FB44F2","f4_num":"41D894DF-271D-4BB9-9B53-E9AB480A3B36","f4_smooth":"BB536240-0992-4B73-AD54-970503ADF2F4","f4_colors":"A971DE25-C496-4AB3-A9B0-40C3B6FE8B2B","f4_steps":"1C25B166-C66D-4FAE-9BB5-CC45D8E92907","f4_offset":"D9F1F1AF-E86B-495C-97D9-A45F7DE305BD","f4_morph":"3A0B3F7F-75A9-4779-A321-32F4F0E19275","f4_angle":"96C58E4A-2777-48AB-9ED8-AA8E63F9A197","f4_alpha":"570A9432-902A-4CED-98FA-66D3DA9CDC53","f4_mode":"B6F1C75B-9A4E-4D45-AB79-14ABD8D28B82"},"next":{"id":5,"type":"rainbow","defines":{},"uniforms":{"f5_filmThickness":"961C6460-98F7-4791-8174-45B0CCFD29D4","f5_movement":"C1D6DC04-66F2-4DE3-9CE6-63A939FA1E57","f5_wavelengths":"C165DF1E-061D-4ACA-9D16-D6BBC5559892","f5_noiseStrength":"7B595197-9413-4BCF-9BAE-5B76EA1A0ACC","f5_noiseScale":"9C72B2F4-7A5F-4585-BBD7-77AFF365D4D0","f5_offset":"DDD00611-C4DB-4B23-B7E9-D4EE3640A1D6","f5_alpha":"B812EC64-5CD6-479C-B411-9042B6060E85","f5_mode":"24B2DE21-2EBC-4B69-B722-E8131301A9F3"}}}}}}},"glslVersion":null,"defines":{"PHONG":1,"USE_LAYER_DISPLACE":1,"GRAD_MAX":10},"vertex":"0729A853-9C35-4AEA-AFAF-8D414FACE783","fragment":"0729A853-9C35-4AEA-AFAF-8D414FACE783"},{"uuid":"EABCCA53-B9DA-49D0-BC33-025DBA19CA50","type":"ShaderMaterial","side":2,"transparent":true,"depthFunc":3,"depthTest":true,"depthWrite":true,"colorWrite":true,"stencilWrite":false,"stencilWriteMask":255,"stencilFunc":519,"stencilRef":0,"stencilFuncMask":255,"stencilFail":7680,"stencilZFail":7680,"stencilZPass":7680,"dithering":true,"wireframeLinecap":"","wireframeLinejoin":"","userData":{"type":"PhongMaterial","category":"Phong","nodeType":"PhongNodeMaterial","layers":{"id":4,"uuid":"642BB159-500D-45A0-A1B8-2AC8FE4FDC97","head":{"id":3,"type":"color","defines":{},"uniforms":{"f3_color":"75DCD3AC-0F0C-4769-A24C-96D40539933F","f3_alpha":"0E5482EC-7DD3-476D-88CE-E2854B3DCE4D","f3_mode":"644A9864-3111-43FF-BEDC-0EA49468AD11"},"next":{"id":1,"type":"light","defines":{},"uniforms":{"f1_alpha":"C8E80CEE-86A3-4B92-BE72-6443444A0EF3","f1_mode":"8AD11975-68D6-4BB2-9CF8-B2E996729710","f1_shininess":"745FA03C-CF3B-450B-802B-F35B1B13BC9E","f1_specular":"F945D239-0EAF-4020-A541-22ABF4D8E7F1"},"next":{"id":2,"type":"rainbow","defines":{},"uniforms":{"f2_filmThickness":"3368C140-297A-44A4-BCB6-8B9A4C8E1918","f2_movement":"C5BC8BE1-B6FF-4322-9656-67A8204D9B1A","f2_wavelengths":"B01D6E6A-1CA9-4AFE-9E11-571B3020D0FD","f2_noiseStrength":"9A17FE2B-984C-4D9A-8396-6BD0AF910B92","f2_noiseScale":"7C76C37C-36ED-4B75-B533-A2B3CA74A9A3","f2_offset":"DB20F27D-4551-407C-A9B4-511471CC1B50","f2_alpha":"3AA1C0D9-CC7F-476F-956C-79DC31343EAA","f2_mode":"F5A202F3-567F-42D0-BED1-DCDC91D63644"}}}}}},"glslVersion":null,"defines":{"PHONG":1},"vertex":"16975F73-7254-4C47-B9D7-42C808B1FA0B","fragment":"16975F73-7254-4C47-B9D7-42C808B1FA0B"},{"uuid":"D413B86B-16E5-4641-BCA1-C3D47B0C94A8","type":"ShaderMaterial","transparent":true,"depthFunc":3,"depthTest":true,"depthWrite":true,"colorWrite":true,"stencilWrite":false,"stencilWriteMask":255,"stencilFunc":519,"stencilRef":0,"stencilFuncMask":255,"stencilFail":7680,"stencilZFail":7680,"stencilZPass":7680,"dithering":true,"wireframeLinecap":"","wireframeLinejoin":"","userData":{"type":"PhongMaterial","category":"Phong","nodeType":"PhongNodeMaterial","layers":{"id":6,"uuid":"938B5B22-D6E1-4F8F-BAEE-ADF0BA982222","head":{"id":0,"type":"color","defines":{},"uniforms":{"f0_color":"6C4CF47B-27EC-4349-AE64-366515B9B2A7","f0_alpha":"2EA51755-4BF0-41D4-8E88-708617467F59","f0_mode":"3398BCB3-FD29-4A6D-A842-378A5577C04D"},"next":{"id":1,"type":"light","defines":{},"uniforms":{"f1_alpha":"7633BD3E-017E-410E-917B-EDF975A5384D","f1_mode":"06C24BB7-2226-47EB-B082-E46424717B1D","f1_shininess":"F6E008C8-D491-43D2-8109-91DAC5580F6A","f1_specular":"16971D3B-3D9A-414F-A9FE-B12128BDE5FA"},"next":{"id":4,"type":"gradient","defines":{},"uniforms":{"f4_gl_type":"16BB0D50-5D88-4385-A901-2541B809B818","f4_num":"0F0981D1-D10A-4DA0-BE50-1F0ECA29654B","f4_smooth":"11577DCC-1866-478B-9842-172B2DA98936","f4_colors":"7D109922-0A2D-4991-BB40-FFAD36F4CE27","f4_steps":"804A4ECA-C16C-4A8D-A72F-71F36E75E7C9","f4_offset":"3DD5D7A5-602F-43DC-81B6-E9190FCEE2C2","f4_morph":"7357DD62-7A4A-4D9D-A8B7-F16B9A27C53B","f4_angle":"AF410A88-8694-4EF0-8165-63B9B0B7BD91","f4_alpha":"31807830-9C48-42EF-90C3-4357228457A9","f4_mode":"B3FBD927-44A0-4CAC-BF9C-C6EB1840E74B"},"next":{"id":5,"type":"rainbow","defines":{},"uniforms":{"f5_filmThickness":"E34DC16C-D83D-499C-A7E3-2C43A92DDA0B","f5_movement":"62356DF9-8AEF-4E37-8B54-0BABAD7278CA","f5_wavelengths":"2C4DA1F7-F9C0-4541-ACF1-CF0019F58BCC","f5_noiseStrength":"85469D8E-1797-42CE-B372-6D5920ACA987","f5_noiseScale":"DA91EC33-AA22-48E1-AB27-9247798FBD1A","f5_offset":"69A36AE8-FEAD-420D-9368-A5EF8B81BF27","f5_alpha":"533A0EE2-2E93-4652-B554-C1AB6D5A64CE","f5_mode":"EE9696D2-B83A-49A0-93BA-48780CB224DE"}}}}}}},"glslVersion":null,"defines":{"PHONG":1,"USE_LAYER_DISPLACE":1,"GRAD_MAX":10},"vertex":"E0CE7181-75AF-41AD-97E6-6527D95B6F66","fragment":"E0CE7181-75AF-41AD-97E6-6527D95B6F66"},{"uuid":"F7A3C315-DC63-4B17-8950-7F67AD8F3EA6","type":"ShaderMaterial","transparent":true,"depthFunc":3,"depthTest":true,"depthWrite":true,"colorWrite":true,"stencilWrite":false,"stencilWriteMask":255,"stencilFunc":519,"stencilRef":0,"stencilFuncMask":255,"stencilFail":7680,"stencilZFail":7680,"stencilZPass":7680,"dithering":true,"wireframeLinecap":"","wireframeLinejoin":"","userData":{"type":"PhongMaterial","category":"Phong","nodeType":"PhongNodeMaterial","layers":{"id":6,"uuid":"938B5B22-D6E1-4F8F-BAEE-ADF0BA982222","head":{"id":0,"type":"color","defines":{},"uniforms":{"f0_color":"5155A4BA-7FE3-4580-A883-828E6948E43A","f0_alpha":"47908F97-E0FD-4A5D-9D9D-0F24E2A01E08","f0_mode":"590F944C-5935-4ED4-A892-67ECD9449A54"},"next":{"id":1,"type":"light","defines":{},"uniforms":{"f1_alpha":"8D5254CF-A8C4-4A59-B2AC-33CFF5E51C6C","f1_mode":"9F01CA6C-4DBD-4DA6-B30E-E3D0A6AF74A5","f1_shininess":"D4AE5C6C-5E74-4DCA-8F12-FC81FC63C3B5","f1_specular":"6A1C2501-F4A8-40CE-BCF5-4C711D7D8A31"},"next":{"id":4,"type":"gradient","defines":{},"uniforms":{"f4_gl_type":"5AFD5EED-1F1E-49CC-95D3-93CA8D18C040","f4_num":"F0630872-C154-4A52-BF3B-68C04E4F3835","f4_smooth":"A1B87FA4-3E4E-468E-B255-D593AD801F4A","f4_colors":"2520FCCA-421A-43A1-AB31-5F9DBFAC1063","f4_steps":"870BF53D-D208-4E37-BCAB-01B490B7064B","f4_offset":"65923ACC-4B46-4FA1-B033-3FD5C6926F17","f4_morph":"37987ADE-BF68-40A9-8489-43B52EC2900B","f4_angle":"27D34D2D-DA89-47CB-9224-D1CF5C33F9AA","f4_alpha":"9FFEE32A-B704-4CDC-BF4C-36C9BE93C4CA","f4_mode":"57921428-C85D-4806-9B46-5903A1DC1A55"},"next":{"id":5,"type":"rainbow","defines":{},"uniforms":{"f5_filmThickness":"0F98A357-0160-4684-88C7-0E3715229FB8","f5_movement":"3A82F692-4E16-460D-B9BF-D662A519B5BC","f5_wavelengths":"72993567-868A-4D98-8B25-285ABACA4F9F","f5_noiseStrength":"7B2071FB-516C-424C-97B8-BEBBC4171C15","f5_noiseScale":"AA0FD47B-EDE4-4818-A811-56F78CD56629","f5_offset":"80805A9E-050F-4D35-8C05-8F4D97F29233","f5_alpha":"8BDB52B8-5A55-4B26-9169-DD576FE14EC9","f5_mode":"2F31282C-342E-4A96-910D-D012A8BA0ED0"}}}}}}},"glslVersion":null,"defines":{"PHONG":1,"USE_LAYER_DISPLACE":1,"GRAD_MAX":10},"vertex":"2C6CD9DE-B08D-4462-837F-813DBA584A02","fragment":"2C6CD9DE-B08D-4462-837F-813DBA584A02"},{"uuid":"1088D6F9-FC6B-418E-9FFE-FA2707488DAD","type":"ShaderMaterial","transparent":true,"depthFunc":3,"depthTest":true,"depthWrite":true,"colorWrite":true,"stencilWrite":false,"stencilWriteMask":255,"stencilFunc":519,"stencilRef":0,"stencilFuncMask":255,"stencilFail":7680,"stencilZFail":7680,"stencilZPass":7680,"dithering":true,"wireframeLinecap":"","wireframeLinejoin":"","userData":{"type":"PhongMaterial","category":"Phong","nodeType":"PhongNodeMaterial","layers":{"id":6,"uuid":"938B5B22-D6E1-4F8F-BAEE-ADF0BA982222","head":{"id":0,"type":"color","defines":{},"uniforms":{"f0_color":"BBC2A672-0931-4790-9933-B82E936467F4","f0_alpha":"0249435B-A6DD-487C-AB83-4EF1A4428DDF","f0_mode":"F09C2D5A-4049-4083-AF17-C40E51A17825"},"next":{"id":1,"type":"light","defines":{},"uniforms":{"f1_alpha":"55901B94-6292-499D-B800-281587702ACC","f1_mode":"EEF29FAE-F400-4E18-AEF9-0301554BEF19","f1_shininess":"4ACAEE1F-ACC4-4683-AC73-DB0A56804CA2","f1_specular":"B6F1ED73-E609-4522-A98E-BD0537DD08BB"},"next":{"id":4,"type":"gradient","defines":{},"uniforms":{"f4_gl_type":"8D799579-FF6F-443D-96A7-7FCF86493C31","f4_num":"F81C0B82-38AB-4B2F-84A0-F98F094C81A5","f4_smooth":"7A903317-1002-45BA-85B9-B52FFD49B66A","f4_colors":"AE067712-2532-446B-B50F-7FE34005E728","f4_steps":"98D8CA87-AA41-417A-B8D3-18418AAB68FE","f4_offset":"427F441E-9021-4328-9242-701FC2EDBED6","f4_morph":"21D497D8-7D7E-4830-825B-5A4928E4FF6D","f4_angle":"89A180E1-AC4F-4D5A-93FD-E932BA5183B5","f4_alpha":"9CD002C9-B158-4824-974B-9026219F0192","f4_mode":"DAF3E459-EE60-4ABC-8200-D0B25C10A389"},"next":{"id":5,"type":"rainbow","defines":{},"uniforms":{"f5_filmThickness":"0172F4C2-EEC0-4339-9E83-521410B4CC25","f5_movement":"C696AD52-362F-4FEC-89B0-859ADA6FFD9B","f5_wavelengths":"EAEDA7F4-70D9-4BD7-945A-A8090C2DCA58","f5_noiseStrength":"F89B3DAD-1573-4F7E-92D0-49FA61BDBB35","f5_noiseScale":"31C14E57-A80D-49B6-AF99-3759846B592D","f5_offset":"0D7ABB72-00B2-4F5F-926E-9704110FE9D2","f5_alpha":"70373E6E-DB27-4C52-8E06-5B7B5CFD3887","f5_mode":"7792DD2C-660A-4172-AF72-780993F1A0B2"}}}}}}},"glslVersion":null,"defines":{"PHONG":1,"USE_LAYER_DISPLACE":1,"GRAD_MAX":10},"vertex":"46AF6A65-3EA0-4C5C-BE30-C146BE9D36C5","fragment":"46AF6A65-3EA0-4C5C-BE30-C146BE9D36C5"},{"uuid":"48878951-1EF4-49A3-AD8C-9CC4C42DEA85","type":"ShaderMaterial","transparent":true,"depthFunc":3,"depthTest":true,"depthWrite":true,"colorWrite":true,"stencilWrite":false,"stencilWriteMask":255,"stencilFunc":519,"stencilRef":0,"stencilFuncMask":255,"stencilFail":7680,"stencilZFail":7680,"stencilZPass":7680,"dithering":true,"wireframeLinecap":"","wireframeLinejoin":"","userData":{"type":"PhongMaterial","category":"Phong","nodeType":"PhongNodeMaterial","layers":{"id":6,"uuid":"938B5B22-D6E1-4F8F-BAEE-ADF0BA982222","head":{"id":0,"type":"color","defines":{},"uniforms":{"f0_color":"0737DA76-F4F7-4158-AD0B-0BD9746EC92C","f0_alpha":"E0EBA405-B37C-4F73-8B13-B2F02E669D94","f0_mode":"8975DFCB-C2B5-4134-9B78-42D1146C6CEF"},"next":{"id":1,"type":"light","defines":{},"uniforms":{"f1_alpha":"79C8E6EA-2F49-422F-835C-7D84FBBBA156","f1_mode":"42FDAD73-E46B-4ED7-8D7B-E363C82AEFD0","f1_shininess":"8FA4D1C7-A5CD-4AB9-A8DA-B60AD49B3659","f1_specular":"A698B700-5D55-47F6-B1E3-932EB8309284"},"next":{"id":4,"type":"gradient","defines":{},"uniforms":{"f4_gl_type":"6E75631D-8FB4-4BD1-94FC-65E604841835","f4_num":"48F53277-2BAC-4D54-B798-CB386586005E","f4_smooth":"39E19AFB-B50A-42FE-BDD8-6D5A85E37E66","f4_colors":"C6E1F5DF-A729-416A-8D2E-E292A2502FA9","f4_steps":"B7D62260-7984-4CF4-BBEE-1CEAB3C931C4","f4_offset":"AD081D79-CB8E-4ADB-97F8-40CED2BDE0FC","f4_morph":"33BC022B-611A-40E6-9FF1-260240E5DD44","f4_angle":"072A2145-A921-46D5-90A2-F679DE517061","f4_alpha":"F2A946E1-43A4-45A2-A49B-BFB1873C6F50","f4_mode":"892AC0A4-2182-41E5-8665-8AE270DFDEBF"},"next":{"id":5,"type":"ra