{"object":{"uuid":"B6BEBD25-292C-4ECC-9729-2C0233CBC257","objectType":"Scene","name":"stairway","matrix":[1,0,0,0,0,1,0,0,0,0,1,0,0,0,0,1],"layers":1,"children":[{"uuid":"E6751373-E961-419F-AE28-939B5F2B81B4","objectType":"LightDirectional","name":"Directional Light","matrix":[0.903096168236648,0,0.42943836684241077,0,0,1,0,0,-0.42943836684241077,0,0.903096168236648,0,3072.1265124245947,2158.765920876762,0,1],"castShadow":true,"layers":1,"hiddenMatrix":[1,0,0,0,0,1,0,0,0,0,1,0,0,0,0,1],"interaction":{"uuid":"D87A5AD2-90B3-4986-BDD4-3A6A11E37C64","selectedState":0,"states":["68554622-56BD-4AD3-B0CE-3CE988C4227E","F327E76E-4C43-46B6-843A-1CBA6A846439"],"events":[{"type":10,"ui":{"isCollapsed":false},"targets":[{"easing":4,"duration":1000,"delay":0,"cubicControls":[0.5,0.05,0.1,0.3],"springParameters":{"mass":1,"stiffness":80,"damping":10,"velocity":0},"object":"E6751373-E961-419F-AE28-939B5F2B81B4"}]}]},"enableHelper":true,"color":3269535,"intensity":10,"shadow":{"mapSize":[1024,1024],"camera":{"uuid":"D6028C85-846F-46DE-B24C-7A22C0DC4F9C","type":"OrthographicCamera","layers":1,"zoom":1,"left":-3177.444,"right":3177.444,"top":3177.444,"bottom":-3177.444,"near":1,"far":10000}}},{"uuid":"E07792FC-BE38-4E77-A6BB-1A18F20E8016","objectType":"Mesh3D","name":"Cube copy 14","matrix":[0.7609761538874703,-0.10629904451969292,0.6399854973011708,0,0.026942010385385042,0.9908330481112102,0.1325379703280579,0,-0.6482009462270492,-0.08361490123969077,0.7568566490011384,0,-580.2342061754698,722.8517192038364,9062.990212720259,1],"castShadow":true,"receiveShadow":true,"layers":1,"hiddenMatrix":[0.5619571920188364,0,0,0,0,0.5619203190350255,0,0,0,0,0.5618457920707757,0,5353.186067286383,612.0497726282923,-1452.950938886488,1],"interaction":{"uuid":"38DF3392-10DB-4686-9638-4F9D1E4B9B94","selectedState":0,"states":["9EE9F44A-CD5D-4711-A2BE-964AD01EDC33","2CEC9A21-CB48-4901-9A3B-788D5A8F4721","F08C838F-937E-41ED-A68C-DB1160143FCC"],"events":[{"type":2,"ui":{"isCollapsed":false},"targets":[{"easing":6,"duration":1000,"delay":0,"cubicControls":[0.5,0.05,0.1,0.3],"springParameters":{"mass":1,"stiffness":80,"damping":10,"velocity":0},"repeat":true,"cycle":true,"rewind":true,"object":"E07792FC-BE38-4E77-A6BB-1A18F20E8016","state":"2CEC9A21-CB48-4901-9A3B-788D5A8F4721"}]},{"type":7,"ui":{"isCollapsed":false},"targets":[{"easing":4,"duration":1000,"delay":0,"cubicControls":[0.5,0.05,0.1,0.3],"springParameters":{"mass":1,"stiffness":80,"damping":10,"velocity":0},"repeat":true,"cycle":true,"rewind":true,"object":"E07792FC-BE38-4E77-A6BB-1A18F20E8016","state":"F08C838F-937E-41ED-A68C-DB1160143FCC"}]}]},"geometry":"99CB3355-14B6-4F5B-BFD2-7B11163F82C1","material":"01FC4F0F-9BDB-4CD0-8568-8F9C56D60C67"},{"uuid":"23290103-9F78-4DEB-ACB2-69BE95C8FC1F","objectType":"Mesh3D","name":"Cube copy 13","matrix":[0.7542444658732356,-0.06926507880701784,0.6529037179894475,0,0.10925981174586673,0.9938171445493256,-0.020786809970220445,0,-0.6474206220460637,0.0870136018970031,0.7571413849279375,0,-290.89395018594587,768.0187927620323,6563.2008778936315,1],"castShadow":true,"receiveShadow":true,"layers":1,"hiddenMatrix":[0.5619571920188364,0,0,0,0,0.5619203190350255,0,0,0,0,0.5618457920707757,0,5056.778568029938,715.1871437150426,-0.35641595698143647,1],"interaction":{"uuid":"D571654B-B089-468C-89B6-65A2A671CAFD","selectedState":1,"states":["AC6867B8-2381-459A-BE07-D4FDCD337C81","CC6E0853-3CB7-4DA0-A186-4FC2D250050B"],"events":[{"type":2,"ui":{"isCollapsed":false},"targets":[{"easing":6,"duration":2000,"delay":0,"cubicControls":[0.5,0.05,0.1,0.3],"springParameters":{"mass":1,"stiffness":80,"damping":10,"velocity":0},"repeat":true,"cycle":true,"rewind":true,"object":"23290103-9F78-4DEB-ACB2-69BE95C8FC1F","state":"CC6E0853-3CB7-4DA0-A186-4FC2D250050B"}]}]},"geometry":"42E32439-2D03-492C-A1FD-178537C72C32","material":"BAEA8261-306B-4626-B7EF-529B123E7AB4"},{"uuid":"801F9B9E-FB79-4B24-8376-C2D866DCAECF","objectType":"Mesh2D","name":"[HYPER]","matrix":[0.6225293461796546,0.004964870191500532,-0.7825807071536555,0,0.0076883944214932365,0.9998928185854189,0.01245953179389996,0,0.7825586890044448,-0.013773213324609599,0.622424450723431,0,4982.66329172257,3413.595475724048,943.3962263029937,1],"castShadow":true,"receiveShadow":true,"layers":1,"hiddenMatrix":[0.143058465778806,0,0,0,0,0.1431238332296204,0,0,0,0,0.14297824244136764,0,4103.536719001554,1358.4501670225384,3013.502126952785,1],"interaction":{"uuid":"AA13F1C2-0B20-4D08-AE0A-9BFD3DF479EA","selectedState":1,"states":["EEFA6DF7-5256-46A6-B576-A46B8E3EDA8A","A0797169-B728-494A-8943-1BC7BAB5AE50"],"events":[{"type":7,"ui":{"isCollapsed":false},"targets":[{"easing":4,"duration":1500,"delay":0,"cubicControls":[0.5,0.05,0.1,0.3],"springParameters":{"mass":1,"stiffness":80,"damping":10,"velocity":0},"repeat":true,"cycle":true,"rewind":true,"object":"801F9B9E-FB79-4B24-8376-C2D866DCAECF","state":"A0797169-B728-494A-8943-1BC7BAB5AE50"}]}]},"geometry":"4641AC4C-915A-4168-BDBC-BE5B5621E998","material":"296EFADB-74DF-427E-BB5E-599B517E26CD"},{"uuid":"E433FF55-C738-4319-9213-52A51DE897B3","objectType":"Mesh2D","name":"VIBES","matrix":[0.9995330621102533,-0.003124241584820545,-0.030395671780885127,0,0.005919110234657801,0.9957137249423049,0.09229919878061796,0,0.029977022575992957,-0.09243601611944201,0.9952672812071338,0,6999.518459392688,2482.782119824508,-349.8489427292298,1],"castShadow":true,"receiveShadow":true,"layers":1,"hiddenMatrix":[0.143058465778806,0,0,0,0,0.1431238332296204,0,0,0,0,0.14297824244136764,0,4103.536719001554,1358.4501670225384,3013.502126952785,1],"interaction":{"uuid":"B08E444E-9EFF-4832-801C-AE7C11935AC7","events":[{"type":7,"ui":{"isCollapsed":false},"targets":[{"easing":4,"duration":3000,"delay":0,"cubicControls":[0.5,0.05,0.1,0.3],"springParameters":{"mass":1,"stiffness":80,"damping":10,"velocity":0},"repeat":true,"cycle":true,"rewind":true,"object":"E433FF55-C738-4319-9213-52A51DE897B3"}]}]},"geometry":"BDF7537B-98C7-46EE-BA4B-6E28BADCE49B","material":"D39A6A83-C8B6-49ED-8084-A30E6B6DF255"},{"uuid":"0C127AF3-C332-4D71-98EE-0EAE79972762","objectType":"Mesh3D","name":"Cube copy 12","matrix":[0.7517635303516438,-0.06746054725831416,0.6559468723942599,0,-0.008087175107707541,0.9937560848020479,0.11147087623831138,0,-0.6593644757947552,-0.08910360392877881,0.7465165379032119,0,-801.8560243776606,1071.263743164848,3967.589428298626,1],"castShadow":true,"receiveShadow":true,"layers":1,"hiddenMatrix":[0.5619571920188364,0,0,0,0,0.5619203190350255,0,0,0,0,0.5618457920707757,0,5456.257106905431,704.1941114049469,1314.790685051561,1],"interaction":{"uuid":"940D4106-8E88-4123-A0E4-C555A322D027","selectedState":1,"states":["B93D6C57-08E0-4CA7-B362-0BCAE4074C9F","E48ED5C2-873F-4DBF-81B7-B2DD419935C3"],"events":[{"type":2,"ui":{"isCollapsed":false},"targets":[{"easing":0,"duration":1000,"delay":0,"cubicControls":[0.5,0.05,0.1,0.3],"springParameters":{"mass":1,"stiffness":80,"damping":10,"velocity":0},"repeat":true,"cycle":true,"rewind":true,"object":"0C127AF3-C332-4D71-98EE-0EAE79972762","state":"E48ED5C2-873F-4DBF-81B7-B2DD419935C3"}]}]},"geometry":"9DD0FF2D-FBD0-401A-BFF8-5717E5B80F7F","material":"1C4942CD-897A-400E-9546-D1E8B5ED163D"},{"uuid":"9AD2E73E-BBA8-46AD-A016-BCA3CB6FD1E8","objectType":"Mesh3D","name":"Torus Knot copy","matrix":[-0.9673825321039798,-0.2525418100173654,-0.019841138406735227,0,-0.24892159643980322,0.9621977100596284,-0.11051518258531158,0,0.047000802184430944,-0.10197156931792467,-0.9936763676594534,0,373.69920448503495,788.854854348552,731.4552546437418,1],"castShadow":true,"receiveShadow":true,"layers":1,"hiddenMatrix":[0.5616460415249847,0,0,0,0,0.5619203190350255,0,0,0,0,0.5612997806110374,0,4338.807980621459,1257.8229671684,2576.122805403122,1],"interaction":{"uuid":"1C4A0B45-2951-4F39-AA33-A8C9DCE6E59E","selectedState":1,"states":["B39F35F5-4823-4E2B-A025-662E3FA6D41A","52EF6685-EA80-4209-9A49-8561E585EA9A"],"events":[{"type":7,"ui":{"isCollapsed":false},"targets":[{"easing":4,"duration":1000,"delay":0,"cubicControls":[0.5,0.05,0.1,0.3],"springParameters":{"mass":1,"stiffness":80,"damping":10,"velocity":0},"object":"9AD2E73E-BBA8-46AD-A016-BCA3CB6FD1E8","state":"52EF6685-EA80-4209-9A49-8561E585EA9A"}]}]},"geometry":"5AD6645F-D5FE-41F2-A531-663F27B78A59","material":"929170F7-2381-4B53-848C-B286161CC6DE"},{"uuid":"3801DB73-570B-410D-83C6-EC1F962F9FD9","objectType":"Mesh3D","name":"Cube copy 11","matrix":[0.6658065941071889,-0.1362612736212372,0.7335530484985179,0,0.13009771913438847,0.989343884172777,0.06569305182143333,0,-0.7346802802892783,0.051694193452377496,0.6764321855541513,0,-327.0775273024053,1138.5158446767105,2870.3730448680835,1],"castShadow":true,"receiveShadow":true,"layers":1,"hiddenMatrix":[0.5619571920188364,0,0,0,0,0.5619203190350255,0,0,0,0,0.5618457920707757,0,5321.9601631002815,802.2845711991694,1863.0971562909153,1],"interaction":{"uuid":"D2A1492F-E948-4983-B890-77B0A1EF9AE2","selectedState":1,"states":["E416C96B-20FD-4B14-BA1E-B66275CD01CD","14C00D55-B069-485B-915E-FE0659CC2A71"],"events":[{"type":2,"ui":{"isCollapsed":false},"targets":[{"easing":6,"duration":1000,"delay":0,"cubicControls":[0.5,0.05,0.1,0.3],"springParameters":{"mass":1,"stiffness":80,"damping":10,"velocity":0},"repeat":true,"cycle":true,"rewind":true,"object":"3801DB73-570B-410D-83C6-EC1F962F9FD9","state":"14C00D55-B069-485B-915E-FE0659CC2A71"}]}]},"geometry":"D06642E0-9D6A-4CE1-BD8B-EB9F25315AEC","material":"0E76F5E7-F7AB-4733-B202-2BEDCB9BB23B"},{"uuid":"F62B5CD5-B909-4116-A367-F052CDABFFA3","objectType":"Mesh3D","name":"Cube copy 10","matrix":[0.5487549246690806,-0.046860001781879546,0.8346689001540908,0,0.044988563212274166,0.9986362874120259,0.02648763190646486,0,-0.8347718621464995,0.02301533612440733,0.5501147448228911,0,-596.2175636700522,1150.832390617924,1643.661310158368,1],"castShadow":true,"receiveShadow":true,"layers":1,"hiddenMatrix":[0.5619571920188364,0,0,0,0,0.5619203190350255,0,0,0,0,0.5618457920707757,0,5554.077309850292,891.9080934393908,2376.9999081947262,1],"interaction":{"uuid":"5CD288DF-5B23-45B1-9C70-DFBECBA0846A","selectedState":1,"states":["61080194-E6DB-4E11-B341-095FAB8DF29B","BAED5224-2DBA-4F23-9879-52EB432838E9","2589438E-FC47-40FB-B240-8A19CE0DDF05"],"events":[{"type":7,"ui":{"isCollapsed":false},"targets":[{"easing":0,"duration":2000,"delay":0,"cubicControls":[0.5,0.05,0.1,0.3],"springParameters":{"mass":1,"stiffness":80,"damping":10,"velocity":0},"repeat":true,"cycle":true,"rewind":true,"object":"F62B5CD5-B909-4116-A367-F052CDABFFA3","state":"BAED5224-2DBA-4F23-9879-52EB432838E9"}]},{"type":2,"ui":{"isCollapsed":false},"targets":[{"easing":6,"duration":1000,"delay":0,"cubicControls":[0.5,0.05,0.1,0.3],"springParameters":{"mass":1,"stiffness":80,"damping":10,"velocity":0},"repeat":true,"cycle":true,"rewind":true,"object":"F62B5CD5-B909-4116-A367-F052CDABFFA3","state":"2589438E-FC47-40FB-B240-8A19CE0DDF05"}]}]},"geometry":"A69F237C-8D24-460F-A2BD-A7E240480DCD","material":"0BD20D63-B43E-44A1-83BB-9E0345ACDB81"},{"uuid":"297457F8-5CA8-4DC2-8AA5-B0DFEB77B5EB","objectType":"Mesh3D","name":"Cube copy 9","matrix":[0.5494816758266496,-0.12186836095672883,0.8265700155029015,0,0.06475977057912408,0.9925410278112492,0.10328833538167198,0,-0.8329922328841274,-0.003226563047315243,0.5532752743848448,0,622.7045557469396,936.5194949732222,901.8244301811814,1],"castShadow":true,"receiveShadow":true,"layers":1,"hiddenMatrix":[0.5619571920188364,0,0,0,0,0.5619203190350255,0,0,0,0,0.5618457920707757,0,4999.1229191925295,1089.503650069964,2769.8355421076885,1],"interaction":{"uuid":"23B1F8A5-51CA-4D67-BEBF-E77DEE5A1A6D","selectedState":1,"states":["3CB41532-D227-4387-853A-B7A86319A09E","BC78259F-3C94-4F06-A650-2E8AE45439FE"],"events":[{"type":2,"ui":{"isCollapsed":false},"targets":[{"easing":6,"duration":1000,"delay":0,"cubicControls":[0.5,0.05,0.1,0.3],"springParameters":{"mass":1,"stiffness":80,"damping":10,"velocity":0},"repeat":true,"cycle":true,"rewind":true,"object":"297457F8-5CA8-4DC2-8AA5-B0DFEB77B5EB","state":"BC78259F-3C94-4F06-A650-2E8AE45439FE"}]}]},"geometry":"C2311F84-E6F4-4252-B4BD-1A6CAB8C5E6B","material":"84982733-8075-41E3-B335-2E696F3D003D"},{"uuid":"DFE85130-478A-443A-B54C-541016BD69A1","objectType":"Mesh3D","name":"Cube copy 8","matrix":[0.5525766399600007,-0.08999119706683753,0.8285895494278208,0,0.028627861710725136,0.9956165520558141,0.08904002923601304,0,-0.8329702890886295,-0.025480693141204828,0.5527307045683796,0,1606.8514314690033,653.3811219729436,471.48444290080687,1],"castShadow":true,"receiveShadow":true,"layers":1,"hiddenMatrix":[0.5619571920188364,0,0,0,0,0.5619203190350255,0,0,0,0,0.5618457920707757,0,4520.330652985096,1339.0897321090313,2861.810360268112,1],"interaction":{"uuid":"C83E99D5-DE83-4D9B-96CB-478595D46354","selectedState":1,"states":["B24D664B-16F3-46AD-A636-5EB55377F3B1","76FDD352-F051-4BC3-8BED-3214FEB1E128"],"events":[{"type":7,"ui":{"isCollapsed":false},"targets":[{"easing":4,"duration":2000,"delay":0,"cubicControls":[0.5,0.05,0.1,0.3],"springParameters":{"mass":1,"stiffness":80,"damping":10,"velocity":0},"repeat":true,"cycle":true,"rewind":true,"object":"DFE85130-478A-443A-B54C-541016BD69A1","state":"76FDD352-F051-4BC3-8BED-3214FEB1E128"}]}]},"geometry":"936CFBA8-5B2A-4524-9633-7007FDE2785D","material":"5F7E8D03-E0E0-48EE-A792-59D963040F06"},{"uuid":"CE860836-D635-4AD2-984C-2BC85CFCA634","objectType":"Mesh3D","name":"Torus Knot","matrix":[-0.8966915896518505,-0.19516079329415398,-0.39731153747212183,0,0.13167383145837788,-0.9745320987805847,0.1815191189803629,0,-0.4226182617406996,0.11045113492912877,0.8995523062257892,0,2226.8374392643705,886.7230572879719,115.9774162860422,1],"castShadow":true,"receiveShadow":true,"layers":1,"hiddenMatrix":[0.5616460415249847,0,0,0,0,0.5619203190350255,0,0,0,0,0.5612997806110374,0,4356.689791615189,1342.0254562123037,3016.552767278891,1],"interaction":{"uuid":"E487EE0E-A950-4E6E-894D-73C58AB050EE","selectedState":1,"states":["87DCCCD2-0497-4F1C-9CA4-8180C437327E","FA0029B3-BBD5-4471-B970-B99E650F215D"],"events":[{"type":7,"ui":{"isCollapsed":false},"targets":[{"easing":4,"duration":2000,"delay":0,"cubicControls":[0.5,0.05,0.1,0.3],"springParameters":{"mass":1,"stiffness":80,"damping":10,"velocity":0},"repeat":true,"cycle":true,"rewind":true,"object":"CE860836-D635-4AD2-984C-2BC85CFCA634"}]}]},"geometry":"D79F140E-5073-4673-BA45-B0E0130F7B1A","material":"F8089A9B-F227-469A-88D3-43A59DCADB71"},{"uuid":"66385041-BCFB-4917-A982-81624972B250","objectType":"Mesh3D","name":"Cube copy 7","matrix":[0.5470790374332393,-0.12071315086948346,0.8283313721019449,0,0.07439258918183822,0.9926432842685119,0.0955251426140355,0,-0.8337687146181195,0.009361912399248974,0.552034496313669,0,1997.2413772723373,1081.925009784775,228.4277741352835,1],"castShadow":true,"receiveShadow":true,"layers":1,"hiddenMatrix":[0.5619571920188364,0,0,0,0,0.5619203190350255,0,0,0,0,0.5618457920707757,0,4453.770198386453,1198.4186820713105,2964.795729920569,1],"interaction":{"uuid":"3837B7AE-7AE5-4A43-9052-91C5562A43AD","selectedState":1,"states":["17CD7700-3E98-49B7-8143-4456D9C6838D","5213D917-C110-4C9E-9DE1-824790AD4A11"],"events":[{"type":7,"ui":{"isCollapsed":false},"targets":[{"easing":4,"duration":1000,"delay":0,"cubicControls":[0.5,0.05,0.1,0.3],"springParameters":{"mass":1,"stiffness":80,"damping":10,"velocity":0},"repeat":true,"cycle":true,"rewind":true,"object":"66385041-BCFB-4917-A982-81624972B250","state":"5213D917-C110-4C9E-9DE1-824790AD4A11"}]}]},"geometry":"7BBE6757-059C-4A81-8083-3B76000A7FF7","material":"409ACC77-2389-415E-8EBA-AF2E513DB1D9"},{"uuid":"3B695796-4617-4F45-BF86-E0B33A41DF6B","objectType":"CombinedCamera","name":"Default Camera","matrix":[0.9268586922548214,-5.204170427930421e-18,-0.3754103948902883,0,0.02561935806644766,0.9976686877954991,0.0632521769164522,0,0.37453519605498403,-0.0682436033076143,0.92469789527372,0,9763.60392974906,625.0338069732403,14645.763344824354,1],"layers":9,"children":[{"uuid":"E3F6D54D-4262-4F48-815D-87A431E15474","type":"DirectionalLight","name":"Default Directional Light","layers":1,"matrix":[1,0,0,0,0,1,0,0,0,0,1,0,850000,1300000,1000000,1],"color":3269535,"intensity":2.503,"shadow":{"camera":{"uuid":"A365B353-F1AA-4566-BF6A-A7B546E473F0","type":"OrthographicCamera","layers":1,"zoom":1,"left":-5,"right":5,"top":5,"bottom":-5,"near":0.5,"far":500}}}],"hiddenMatrix":[1,0,0,0,0,1,0,0,0,0,1,0,0,0,0,1],"interaction":{"uuid":"B2468481-CBDD-4F0F-B576-73B5F8EA49C6"},"enableHelper":false,"cameraType":"OrthographicCamera","targetOffset":14388.426614425456,"isUpVectorFlipped":false,"angleOffsetFromUp":0,"left":-1174,"right":1174,"top":608.5,"bottom":-608.5,"zoomOrtho":1,"nearOrtho":-50000,"far":50000,"aspect":1.9293344289235825,"fov":45,"focus":10,"filmGauge":35,"filmOffset":0,"zoomPersp":1,"nearPersp":50},{"uuid":"36878CE4-1A1A-40E5-B27A-7718B3714A24","type":"HemisphereLight","name":"Default Ambient Light","layers":1,"matrix":[1,0,0,0,0,1,0,0,0,0,1,0,0,1,0,1],"color":16735658,"intensity":0.75,"groundColor":8553090}],"activeCamera":"3B695796-4617-4F45-BF86-E0B33A41DF6B","camera":"3B695796-4617-4F45-BF86-E0B33A41DF6B","directionalLight":"E3F6D54D-4262-4F48-815D-87A431E15474","ambientLight":"36878CE4-1A1A-40E5-B27A-7718B3714A24","color":[0.09803921568627451,0.09803921568627451,0.09803921568627451],"alpha":0,"directionalLightState":true,"ambientLightState":true,"canvas":{"mode":2,"preset":"crop","editorSize":{"width":2348,"height":1217},"color":[0,0,0,0.5],"size":{"width":1360,"height":900}},"postprocessing":{"enabled":false,"bloom":{"enabled":false,"opacity":1,"blendFunction":16,"intensity":1,"luminanceThreshold":0.9,"luminanceSmoothing":0.025,"blurScale":1,"kernelSize":3},"chromaticAberration":{"enabled":false,"opacity":1,"blendFunction":13,"offset":[10,10]},"vignette":{"enabled":false,"opacity":1,"blendFunction":13,"eskil":false,"darkness":0.5,"offset":0.5},"noise":{"enabled":false,"opacity":1,"blendFunction":14},"colorAverage":{"enabled":false,"opacity":1,"blendFunction":13},"hueSaturation":{"enabled":false,"opacity":1,"blendFunction":13,"_hue":0,"hue":0,"saturation":0},"brightnessContrast":{"enabled":false,"opacity":1,"blendFunction":13,"contrast":0,"brightness":0},"depthOfField":{"enabled":false,"opacity":1,"blendFunction":13,"focalLength":0.1,"focusDistance":0,"bokehScale":1},"pixelation":{"enabled":false,"opacity":1,"blendFunction":13,"granularity":30}}},"metadata":{"version":1.5,"type":"Object","generator":"Object3D.toJSON"},"geometries":[{"uuid":"99CB3355-14B6-4F5B-BFD2-7B11163F82C1","userData":{"parameters":{"width":1069,"widthSegments":1,"heightSegments":1,"depthSegments":1,"cornerRadius":0,"cornerSegments":8,"height":68,"depth":375},"type":"CubeGeometry"}},{"uuid":"42E32439-2D03-492C-A1FD-178537C72C32","userData":{"parameters":{"width":670,"widthSegments":1,"heightSegments":1,"depthSegments":1,"cornerRadius":0,"cornerSegments":8,"height":64,"depth":235},"type":"CubeGeometry"}},{"uuid":"4641AC4C-915A-4168-BDBC-BE5B5621E998","userData":{"shape":{"points":[-1813.5,229.5,-1813.5,229.5,-1813.5,229.5,0,1813.5,229.5,1813.5,229.5,1813.5,229.5,0,1813.5,-229.5,1813.5,-229.5,1813.5,-229.5,0,-1813.5,-229.5,-1813.5,-229.5,-1813.5,-229.5,0],"shapeHoles":[],"isClosed":true,"roundness":0},"parameters":{"width":3627,"depth":0,"cornerRadius":[0,0,0,0],"cornerType":1,"extrudeDepth":0,"extrudeBevelSize":0,"extrudeBevelSegments":1,"height":459,"surfaceMaxCount":1000},"ui":{"enabledIndieCorners":false},"type":"RectangleGeometry"}},{"uuid":"BDF7537B-98C7-46EE-BA4B-6E28BADCE49B","userData":{"shape":{"points":[-4393.5,615,-4393.5,615,-4393.5,615,0,4393.5,615,4393.5,615,4393.5,615,0,4393.5,-615,4393.5,-615,4393.5,-615,0,-4393.5,-615,-4393.5,-615,-4393.5,-615,0],"shapeHoles":[],"isClosed":true,"roundness":0},"parameters":{"width":8787,"depth":0,"cornerRadius":[0,0,0,0],"cornerType":1,"extrudeDepth":0,"extrudeBevelSize":0,"extrudeBevelSegments":10,"height":1230,"surfaceMaxCount":1000},"ui":{"enabledIndieCorners":false},"type":"RectangleGeometry"}},{"uuid":"9DD0FF2D-FBD0-401A-BFF8-5717E5B80F7F","userData":{"parameters":{"width":670,"widthSegments":1,"heightSegments":1,"depthSegments":1,"cornerRadius":0,"cornerSegments":8,"height":64,"depth":235},"type":"CubeGeometry"}},{"uuid":"5AD6645F-D5FE-41F2-A531-663F27B78A59","userData":{"parameters":{"width":224,"depth":1,"tube":22,"tubularSegments":62,"radialSegments":3,"p":3,"q":3,"height":203},"type":"TorusKnotGeometry"}},{"uuid":"D06642E0-9D6A-4CE1-BD8B-EB9F25315AEC","userData":{"parameters":{"width":670,"widthSegments":1,"heightSegments":1,"depthSegments":1,"cornerRadius":0,"cornerSegments":8,"height":62,"depth":227},"type":"CubeGeometry"}},{"uuid":"A69F237C-8D24-460F-A2BD-A7E240480DCD","userData":{"parameters":{"width":668,"widthSegments":1,"heightSegments":1,"depthSegments":1,"cornerRadius":0,"cornerSegments":8,"height":61,"depth":226},"type":"CubeGeometry"}},{"uuid":"C2311F84-E6F4-4252-B4BD-1A6CAB8C5E6B","userData":{"parameters":{"width":668,"widthSegments":1,"heightSegments":1,"depthSegments":1,"cornerRadius":0,"cornerSegments":8,"height":61,"depth":226},"type":"CubeGeometry"}},{"uuid":"936CFBA8-5B2A-4524-9633-7007FDE2785D","userData":{"parameters":{"width":668,"widthSegments":1,"heightSegments":1,"depthSegments":1,"cornerRadius":0,"cornerSegments":8,"height":61,"depth":226},"type":"CubeGeometry"}},{"uuid":"D79F140E-5073-4673-BA45-B0E0130F7B1A","userData":{"parameters":{"width":254,"depth":1,"tube":50,"tubularSegments":64,"radialSegments":32,"p":2,"q":3,"height":254},"type":"TorusKnotGeometry"}},{"uuid":"7BBE6757-059C-4A81-8083-3B76000A7FF7","userData":{"parameters":{"width":668,"widthSegments":1,"heightSegments":1,"depthSegments":1,"cornerRadius":0,"cornerSegments":8,"height":61,"depth":226},"type":"CubeGeometry"}}],"materials":[{"uuid":"01FC4F0F-9BDB-4CD0-8568-8F9C56D60C67","type":"ShaderMaterial","transparent":true,"depthFunc":3,"depthTest":true,"depthWrite":true,"colorWrite":true,"stencilWrite":false,"stencilWriteMask":255,"stencilFunc":519,"stencilRef":0,"stencilFuncMask":255,"stencilFail":7680,"stencilZFail":7680,"stencilZPass":7680,"dithering":true,"wireframeLinecap":"","wireframeLinejoin":"","userData":{"type":"PhongMaterial","category":"Phong","nodeType":"PhongNodeMaterial","layers":{"id":6,"uuid":"58C9C366-E4D4-43AF-804D-4029F875CE7A","head":{"id":1,"type":"light","defines":{},"uniforms":{"f1_alpha":"4A53D31E-8EC6-4C4F-AB38-DD24751AF851","f1_mode":"5C49C5DB-E53F-4178-BDB7-A81DBC59C6BB","f1_shininess":"8E469149-7F29-4C3A-AB29-8485A4EE6DED","f1_specular":"4A4139CD-9D29-4CEF-BA63-B7DFE9379AC5"},"next":{"id":4,"type":"gradient","defines":{},"uniforms":{"f4_gl_type":"816D0EDB-CE4C-4C79-AB58-26B717E6B3C2","f4_num":"F1B78F8C-4FD3-44E6-A7ED-EF6CE5D053FB","f4_smooth":"5195B43E-15E8-47CE-B189-CF687AC0149B","f4_colors":"B436AFA9-4A93-4397-A191-A7AF473FAA9C","f4_steps":"2A885926-1B81-4F37-BBC6-DF4C507E7753","f4_offset":"6FD18FA7-27D0-44E0-A620-05140819F170","f4_morph":"578BF5C8-7634-4583-9731-B2E7E3393D95","f4_angle":"B50566A8-F66C-4A46-8168-F9AF8414A2AB","f4_alpha":"622E1735-4DC8-44B8-8FFE-77853ACD65A0","f4_mode":"AF4148FD-1667-41D6-A72B-EDBF1C657BE7"},"next":{"id":5,"type":"rainbow","defines":{},"uniforms":{"f5_filmThickness":"A7ED30F0-D496-467D-80B4-A8EDA57ED5C3","f5_movement":"2EF5A9B9-FFD2-4B05-BBFB-BC61E177C594","f5_wavelengths":"25464AE6-5BF2-4D5F-AAEE-A549AA071759","f5_noiseStrength":"9CE8C95E-F83B-4FFB-9350-F9AF64449C66","f5_noiseScale":"CE1AE7AE-54D9-4A62-8A02-32E9EFBC7BF3","f5_offset":"05E9B098-43C8-404A-A0EE-B9A2715A8DD1","f5_alpha":"2B0703E5-686D-4D80-852F-39A6319C233F","f5_mode":"AF7B05EF-721E-4FB9-A217-CC87CF78B259"}}}}}},"glslVersion":null,"defines":{"PHONG":1,"USE_LAYER_DISPLACE":1,"GRAD_MAX":10},"vertex":"B29A8BD9-F5B5-4D86-9A65-28D234087A4E","fragment":"B29A8BD9-F5B5-4D86-9A65-28D234087A4E"},{"uuid":"BAEA8261-306B-4626-B7EF-529B123E7AB4","type":"ShaderMaterial","transparent":true,"depthFunc":3,"depthTest":true,"depthWrite":true,"colorWrite":true,"stencilWrite":false,"stencilWriteMask":255,"stencilFunc":519,"stencilRef":0,"stencilFuncMask":255,"stencilFail":7680,"stencilZFail":7680,"stencilZPass":7680,"dithering":true,"wireframeLinecap":"","wireframeLinejoin":"","userData":{"type":"PhongMaterial","category":"Phong","nodeType":"PhongNodeMaterial","layers":{"id":6,"uuid":"C271B126-CDAF-46E2-A202-EC95134346FD","head":{"id":0,"type":"color","defines":{},"uniforms":{"f0_color":"952C77E8-75EC-4E67-922F-3C6685DFFFC2","f0_alpha":"DD2C88CB-3694-4A12-B2A8-03A09CBD2E7C","f0_mode":"722173FD-BCED-43C7-AC39-C08C4AE0626E"},"next":{"id":1,"type":"light","defines":{},"uniforms":{"f1_alpha":"B866859B-80B9-4FF9-8C21-9284842A523F","f1_mode":"CA39665E-6637-49D2-852A-368EA683D78F","f1_shininess":"A2AD60F9-432E-4933-B38F-B1132EF90CB7","f1_specular":"C361B046-9A28-45BC-8B1D-EB5FACD793FB"},"next":{"id":4,"type":"gradient","defines":{},"uniforms":{"f4_gl_type":"04FA23A6-EF44-482A-9220-F7C5FFCC4190","f4_num":"CB9C1C30-3113-4A38-836B-6BA93E008A8E","f4_smooth":"4EC34880-121B-4A87-9FC5-28B787428673","f4_colors":"8B1C6D81-666F-4441-910D-33480E3EFE0E","f4_steps":"174F2ACD-F82E-44BF-B5DF-8489B2C59AEF","f4_offset":"5C05AEC8-DA41-4ECA-885C-130625FAB6DF","f4_morph":"56BF1672-1D9F-4A22-B465-D3CA23CA0CFA","f4_angle":"75D7178A-3EA4-436F-B832-2BB9D696D9BD","f4_alpha":"85422A46-BD80-4CA4-A536-CFB1C39BFDF4","f4_mode":"7DAEDB7B-CDCD-4868-B5FD-F3C86E7AA397"},"next":{"id":5,"type":"rainbow","defines":{},"uniforms":{"f5_filmThickness":"C3CD467A-ADDC-4F49-A6DB-BA076BB6BAD1","f5_movement":"AD3CE280-51E2-4B78-BA4B-9F05B4C56AA7","f5_wavelengths":"1ABB822F-57EF-4C24-A302-4659631A0C4C","f5_noiseStrength":"7B5750AB-C9DE-4983-92FD-7FA1FA2F56DF","f5_noiseScale":"66E7F7CD-1595-4698-9771-CEF968CCFA55","f5_offset":"7DCCD592-3BCC-46D9-9155-AAE26E77DB8C","f5_alpha":"FF705DEE-70CB-4EDA-81B2-0255884627CB","f5_mode":"56D7F9BE-A8E0-4B16-BCFC-48B6556A608B"}}}}}}},"glslVersion":null,"defines":{"PHONG":1,"USE_LAYER_DISPLACE":1,"GRAD_MAX":10},"vertex":"1CEA05B4-851F-48B0-A4DE-3D364F649FAE","fragment":"1CEA05B4-851F-48B0-A4DE-3D364F649FAE"},{"uuid":"296EFADB-74DF-427E-BB5E-599B517E26CD","type":"ShaderMaterial","transparent":true,"depthFunc":3,"depthTest":true,"depthWrite":true,"colorWrite":true,"stencilWrite":false,"stencilWriteMask":255,"stencilFunc":519,"stencilRef":0,"stencilFuncMask":255,"stencilFail":7680,"stencilZFail":7680,"stencilZPass":7680,"dithering":true,"wireframeLinecap":"","wireframeLinejoin":"","userData":{"type":"BasicMaterial","category":"Basic","nodeType":"BasicNodeMaterial","layers":{"id":2,"uuid":"94C019A7-DFEC-4347-9361-B009E630D13D","head":{"id":1,"type":"light","defines":{},"uniforms":{"f1_alpha":"05D77A17-FE1D-43B7-97E1-D74B8A69E039","f1_mode":"B93E322F-0CEB-4D90-9886-DED3126F46CA"},"next":{"id":0,"type":"texture","defines":{},"uniforms":{"f0_texture":"ACE6CE7A-A045-4FB7-8C0F-E62BC5A94B7F","f0_textureSize":"709540ED-41AE-4CFF-9B4F-D27C8C36D893","f0_crop":"D8181988-4EBE-4ABF-B0F0-B50FB6EE90EB","f0_projection":"7B3F265A-4AE4-4594-B766-36951E31BE8E","f0_axis":"2AE6080E-A59F-4953-8CC2-C77B8DDC9B6E","f0_size":"8C322153-07D7-42BE-97CF-D2262D00558E","f0_mat":"E036D63F-4E13-4C4C-8C45-78D517BDBB12","f0_alpha":"0D455B2E-8CBC-4FE6-A3ED-313973B19465","f0_mode":"182C3F50-0A98-4530-A266-81313926C91D"}}}}},"glslVersion":null,"extensions":{"derivatives":true,"shaderTextureLOD":true},"vertex":"C9BAAFA7-2D6E-4929-B7A7-7A52E2AAF50A","fragment":"C9BAAFA7-2D6E-4929-B7A7-7A52E2AAF50A"},{"uuid":"D39A6A83-C8B6-49ED-8084-A30E6B6DF255","type":"ShaderMaterial","side":2,"transparent":true,"depthFunc":3,"depthTest":true,"depthWrite":true,"colorWrite":true,"stencilWrite":false,"stencilWriteMask":255,"stencilFunc":519,"stencilRef":0,"stencilFuncMask":255,"stencilFail":7680,"stencilZFail":7680,"stencilZPass":7680,"dithering":true,"wireframeLinecap":"","wireframeLinejoin":"","userData":{"type":"BasicMaterial","category":"Basic","nodeType":"BasicNodeMaterial","layers":{"id":4,"uuid":"A824C28A-1130-4516-B530-95E7A78A71A2","head":{"id":1,"type":"light","defines":{},"uniforms":{"f1_alpha":"6351DA5A-0A04-403F-9C0D-248B5214CA9D","f1_mode":"204AD506-969A-40D0-8195-D55680F50346"},"next":{"id":0,"type":"texture","defines":{},"uniforms":{"f0_texture":"C208C8D0-C6A2-4820-B21C-BCC9DB05C304","f0_textureSize":"275E0610-AA89-4510-80A1-12E07415F24A","f0_crop":"4DF1CDC0-E437-40A3-BBD2-BB1E4E719C1A","f0_projection":"E8284470-A25F-4EBB-A71F-DB5806FE54E0","f0_axis":"FD377846-8FE6-41EE-8A95-334D7F485BE3","f0_size":"13C8BEA7-DEE1-43AB-8BF2-376902593E43","f0_mat":"EE6F1E85-59C6-43BF-B971-66C7A5E6012B","f0_alpha":"DC743F44-3BF2-421A-8D80-057850C26F4A","f0_mode":"3B455FAC-3094-48FE-A10C-12229E085B93"}}}}},"glslVersion":null,"extensions":{"derivatives":true,"shaderTextureLOD":true},"vertex":"CC661959-CD39-4600-9E2D-53B6C435E854","fragment":"CC661959-CD39-4600-9E2D-53B6C435E854"},{"uuid":"1C4942CD-897A-400E-9546-D1E8B5ED163D","type":"ShaderMaterial","transparent":true,"depthFunc":3,"depthTest":true,"depthWrite":true,"colorWrite":true,"stencilWrite":false,"stencilWriteMask":255,"stencilFunc":519,"stencilRef":0,"stencilFuncMask":255,"stencilFail":7680,"stencilZFail":7680,"stencilZPass":7680,"dithering":true,"wireframeLinecap":"","wireframeLinejoin":"","userData":{"type":"PhongMaterial","category":"Phong","nodeType":"PhongNodeMaterial","layers":{"id":6,"uuid":"7976A860-997B-4924-8CD9-44E2435C78E4","head":{"id":0,"type":"color","defines":{},"uniforms":{"f0_color":"F0863B22-800A-495A-A760-F54B01E61911","f0_alpha":"D3C64633-923C-446B-90B1-35B0AD5F110D","f0_mode":"77FED166-CC22-4E0C-A136-05C71F64D55B"},"next":{"id":1,"type":"light","defines":{},"uniforms":{"f1_alpha":"C5B2B09D-6F44-45EC-A822-8C456F2E8B91","f1_mode":"99FC0299-2AAD-4D9D-86FF-80A74A9BFC9F","f1_shininess":"4D951963-125F-4877-BF2C-A49404A75B61","f1_specular":"65353147-B457-4FFC-AC44-08ED02C8C810"},"next":{"id":4,"type":"gradient","defines":{},"uniforms":{"f4_gl_type":"DA11B510-0673-4183-8B19-4B5511C857DE","f4_num":"201F9B1B-F9A0-40B9-830C-48834A2E241F","f4_smooth":"DC5AF9F2-7C91-4E53-952F-D10BB891F284","f4_colors":"B7CB0053-F3E2-4EAE-8613-9D3E93C0ABDA","f4_steps":"41ABD744-ED9C-49E9-9E74-30A2DF3528BB","f4_offset":"6431D0AB-B2FA-4249-B01E-539A0655B250","f4_morph":"3B3C1AD7-40D0-4DA7-8BCA-CE56053B1472","f4_angle":"4A2DBE81-9053-4C3B-BDE0-54E5D7E98032","f4_alpha":"50E9A37F-D5A4-4B26-BF8D-9B59548F22D5","f4_mode":"E92CABF9-AE10-437B-9450-E1A83041784B"},"next":{"id":5,"type":"rainbow","defines":{},"uniforms":{"f5_filmThickness":"0CE2B688-A02D-4031-9088-6CF1432210E2","f5_movement":"69CF95A7-E3CC-4C37-A99E-D6846C5E0985","f5_wavelengths":"2809BB95-98EC-415C-9C40-D6C7749485A1","f5_noiseStrength":"D03BCD8E-567E-4704-8885-9E0E742152B0","f5_noiseScale":"4228739F-F797-41D4-9526-29014AED6970","f5_offset":"4EDC0356-18C9-43AA-B54F-CF4660D653DC","f5_alpha":"A4F7EB48-3932-4B89-9D7C-48CE51D9CAEE","f5_mode":"8D09F4EE-B821-4534-B216-DF8336FE9DAC"}}}}}}},"glslVersion":null,"defines":{"PHONG":1,"USE_LAYER_DISPLACE":1,"GRAD_MAX":10},"vertex":"0729A853-9C35-4AEA-AFAF-8D414FACE783","fragment":"0729A853-9C35-4AEA-AFAF-8D414FACE783"},{"uuid":"929170F7-2381-4B53-848C-B286161CC6DE","type":"ShaderMaterial","side":2,"transparent":true,"depthFunc":3,"depthTest":true,"depthWrite":true,"colorWrite":true,"stencilWrite":false,"stencilWriteMask":255,"stencilFunc":519,"stencilRef":0,"stencilFuncMask":255,"stencilFail":7680,"stencilZFail":7680,"stencilZPass":7680,"dithering":true,"wireframeLinecap":"","wireframeLinejoin":"","userData":{"type":"PhongMaterial","category":"Phong","nodeType":"PhongNodeMaterial","layers":{"id":4,"uuid":"642BB159-500D-45A0-A1B8-2AC8FE4FDC97","head":{"id":3,"type":"color","defines":{},"uniforms":{"f3_color":"B927285C-13AE-4ED5-9901-694559A095BD","f3_alpha":"6186DAC9-EF5B-448C-A271-6B94071F199C","f3_mode":"9D932A5B-0678-4437-B10D-02B4866FC340"},"next":{"id":1,"type":"light","defines":{},"uniforms":{"f1_alpha":"C8E80CEE-86A3-4B92-BE72-6443444A0EF3","f1_mode":"8AD11975-68D6-4BB2-9CF8-B2E996729710","f1_shininess":"C424839F-DAAF-4BA6-9616-00527B7D7A49","f1_specular":"48563A3F-90D3-40BE-A96E-C4B4F1A8EA72"},"next":{"id":2,"type":"rainbow","defines":{},"uniforms":{"f2_filmThickness":"D8AF442A-C1F9-49B8-94B6-67D8B9EDE1BC","f2_movement":"CE3F0183-91C7-4CF7-915D-2EDD2B6A983F","f2_wavelengths":"EB7ABF94-592F-4807-A04C-DEE30CC0A5E2","f2_noiseStrength":"556F33AA-E6DA-4B3B-96A0-A0BA262C3392","f2_noiseScale":"CFB1BEC0-7C3D-4FEC-B5E8-8557721ECC82","f2_offset":"F8BBDA29-0BD4-42AD-9ADA-02A9AE99B3D3","f2_alpha":"B58992A1-9F92-4E3D-BFC1-C063C35C8A3F","f2_mode":"F3083012-3E28-4052-A737-99C35BFF16D6"}}}}}},"glslVersion":null,"defines":{"PHONG":1},"vertex":"16975F73-7254-4C47-B9D7-42C808B1FA0B","fragment":"16975F73-7254-4C47-B9D7-42C808B1FA0B"},{"uuid":"0E76F5E7-F7AB-4733-B202-2BEDCB9BB23B","type":"ShaderMaterial","transparent":true,"depthFunc":3,"depthTest":true,"depthWrite":true,"colorWrite":true,"stencilWrite":false,"stencilWriteMask":255,"stencilFunc":519,"stencilRef":0,"stencilFuncMask":255,"stencilFail":7680,"stencilZFail":7680,"stencilZPass":7680,"dithering":true,"wireframeLinecap":"","wireframeLinejoin":"","userData":{"type":"PhongMaterial","category":"Phong","nodeType":"PhongNodeMaterial","layers":{"id":6,"uuid":"938B5B22-D6E1-4F8F-BAEE-ADF0BA982222","head":{"id":0,"type":"color","defines":{},"uniforms":{"f0_color":"2B8289D5-E0B1-4942-9A57-105A41D04738","f0_alpha":"C4262A00-DDE8-4A57-A277-14E4872A8822","f0_mode":"13139369-0971-4BE2-92C6-97E23B40801D"},"next":{"id":1,"type":"light","defines":{},"uniforms":{"f1_alpha":"7633BD3E-017E-410E-917B-EDF975A5384D","f1_mode":"06C24BB7-2226-47EB-B082-E46424717B1D","f1_shininess":"5891E9A4-F0A2-4D01-9EE4-23AAA2421FFA","f1_specular":"36D5F2CB-DCCB-40DF-9E73-67FB7D6CB61A"},"next":{"id":4,"type":"gradient","defines":{},"uniforms":{"f4_gl_type":"EDD09196-3510-4E97-BA9F-58DC9B0C8306","f4_num":"C2F59B3B-8802-4179-B756-1E39AC4C4C16","f4_smooth":"8F416EE7-1BEC-4DFF-A5A3-3DAB4F52BD73","f4_colors":"9E1F9417-C5B9-4B86-A76A-77A5043919A1","f4_steps":"2D159C92-CF3B-48D4-83A9-3DA70B1556F5","f4_offset":"49FCA676-3B88-439D-B04F-9D1318708882","f4_morph":"3ED7750E-BE9D-4253-98B6-F711D952B92E","f4_angle":"D1206D56-8834-463C-A0C2-B55AC1516287","f4_alpha":"3A5A15C0-EEEC-4130-9D24-208D5725B786","f4_mode":"4160932A-2F47-433B-A701-8A827C475107"},"next":{"id":5,"type":"rainbow","defines":{},"uniforms":{"f5_filmThickness":"17F9ECAE-02B7-42A2-B9F5-2CF18E14A014","f5_movement":"B9FEC6B8-163B-4027-A036-58CFA1AE56B9","f5_wavelengths":"9A5753BB-7E34-463D-87A0-48E22627AC4C","f5_noiseStrength":"C2ABA84F-72E2-473A-820F-7AF4620A81FF","f5_noiseScale":"19351187-E054-4808-B3C9-341671DBA7A7","f5_offset":"797F060D-BBD4-41F4-B8B1-1D4517CCDDBD","f5_alpha":"5DE43CD6-63B5-42D9-B43F-00F5BEE77BF3","f5_mode":"3A6EC390-591A-4385-81F5-E28599C73C5C"}}}}}}},"glslVersion":null,"defines":{"PHONG":1,"USE_LAYER_DISPLACE":1,"GRAD_MAX":10},"vertex":"E0CE7181-75AF-41AD-97E6-6527D95B6F66","fragment":"E0CE7181-75AF-41AD-97E6-6527D95B6F66"},{"uuid":"0BD20D63-B43E-44A1-83BB-9E0345ACDB81","type":"ShaderMaterial","transparent":true,"depthFunc":3,"depthTest":true,"depthWrite":true,"colorWrite":true,"stencilWrite":false,"stencilWriteMask":255,"stencilFunc":519,"stencilRef":0,"stencilFuncMask":255,"stencilFail":7680,"stencilZFail":7680,"stencilZPass":7680,"dithering":true,"wireframeLinecap":"","wireframeLinejoin":"","userData":{"type":"PhongMaterial","category":"Phong","nodeType":"PhongNodeMaterial","layers":{"id":6,"uuid":"938B5B22-D6E1-4F8F-BAEE-ADF0BA982222","head":{"id":0,"type":"color","defines":{},"uniforms":{"f0_color":"C0E28EFA-6EB9-4047-A2D0-17AC173844E7","f0_alpha":"EED1E4BC-A064-450B-8A87-7C5265F0C96A","f0_mode":"3D2EC665-F75C-49A5-AE42-24D76499BCC0"},"next":{"id":1,"type":"light","defines":{},"uniforms":{"f1_alpha":"8D5254CF-A8C4-4A59-B2AC-33CFF5E51C6C","f1_mode":"9F01CA6C-4DBD-4DA6-B30E-E3D0A6AF74A5","f1_shininess":"77E0B4E9-7C02-4D02-AD99-DB5D61CB4CEE","f1_specular":"501CF09B-BCF4-412B-B2F7-F029A06DEAD2"},"next":{"id":4,"type":"gradient","defines":{},"uniforms":{"f4_gl_type":"9008C2B3-2BF6-4A74-BD47-CC5902F6602C","f4_num":"3AA60768-873E-4707-AC38-DF391A29B3B3","f4_smooth":"263D2A19-A5C2-41F9-A6EF-6C73E56494F9","f4_colors":"008E638A-DBA1-479D-B9E6-362B6A4B9703","f4_steps":"3555F3B3-81C7-4A70-BC49-641DE9F3B798","f4_offset":"3E11EA1A-707C-45BA-8C73-610637BF3D27","f4_morph":"597C5F0C-5980-4007-9745-280EF97CBA58","f4_angle":"257A5C44-DE1C-4473-8A1E-025204080323","f4_alpha":"F927178C-55DA-4A85-92D3-B0C05EA9EBEA","f4_mode":"ABC4957F-B6E3-484E-B022-E429A76F16B3"},"next":{"id":5,"type":"rainbow","defines":{},"uniforms":{"f5_filmThickness":"D4233D82-9F9E-47EB-A3BA-973837D53D48","f5_movement":"3D72A36F-FA10-415A-B25B-D88C655D6F64","f5_wavelengths":"63D286DA-4C47-4518-A5EC-5BD1645D3A7B","f5_noiseStrength":"4C3EE98C-440F-4255-987B-0A153ACD4FDD","f5_noiseScale":"3A39E055-D6D5-4D63-AE67-18E182DC96C3","f5_offset":"F8D8E95E-5258-4EB4-A2F7-C01B73B68E96","f5_alpha":"7359BB34-DB00-4BCC-9510-F8D3F2C31BE6","f5_mode":"FFBD5939-6423-4F6C-8EF6-A6529CF958F0"}}}}}}},"glslVersion":null,"defines":{"PHONG":1,"USE_LAYER_DISPLACE":1,"GRAD_MAX":10},"vertex":"2C6CD9DE-B08D-4462-837F-813DBA584A02","fragment":"2C6CD9DE-B08D-4462-837F-813DBA584A02"},{"uuid":"84982733-8075-41E3-B335-2E696F3D003D","type":"ShaderMaterial","transparent":true,"depthFunc":3,"depthTest":true,"depthWrite":true,"colorWrite":true,"stencilWrite":false,"stencilWriteMask":255,"stencilFunc":519,"stencilRef":0,"stencilFuncMask":255,"stencilFail":7680,"stencilZFail":7680,"stencilZPass":7680,"dithering":true,"wireframeLinecap":"","wireframeLinejoin":"","userData":{"type":"PhongMaterial","category":"Phong","nodeType":"PhongNodeMaterial","layers":{"id":6,"uuid":"938B5B22-D6E1-4F8F-BAEE-ADF0BA982222","head":{"id":0,"type":"color","defines":{},"uniforms":{"f0_color":"BB61DBF0-40AE-4D2B-8D96-4ABCED02A8E0","f0_alpha":"6E2548EB-9E1A-4B44-83EC-F8CD59A7CC25","f0_mode":"42847FA4-425C-4E34-B422-CCAA23B1C30F"},"next":{"id":1,"type":"light","defines":{},"uniforms":{"f1_alpha":"55901B94-6292-499D-B800-281587702ACC","f1_mode":"EEF29FAE-F400-4E18-AEF9-0301554BEF19","f1_shininess":"9A5B5B9B-CE9E-4C9B-A19C-971023828F99","f1_specular":"681D893D-693C-4791-96BC-35A7EDC718C1"},"next":{"id":4,"type":"gradient","defines":{},"uniforms":{"f4_gl_type":"06F05065-DDAA-4DCA-9A8A-8282BAF1A695","f4_num":"874916D3-43C9-43E4-ACCC-A12128ADF351","f4_smooth":"6FFF04C8-CD49-487E-ACE4-76A0B8E58502","f4_colors":"9F792A6D-5150-4B47-A13F-93DA83249BDF","f4_steps":"04CE6707-F3D2-41A1-9D66-CD4874E47213","f4_offset":"297C5D4F-6E56-4B6B-8636-660705B36CEF","f4_morph":"8753E72B-E55C-40B7-926D-CD7595886589","f4_angle":"D1D24F94-3E02-4B02-B151-6E6FF22C6414","f4_alpha":"ADE6D12D-6B26-450C-82E7-C9C0C1ED672C","f4_mode":"E6EBFF1F-1644-4438-9BE8-A50A4B509A17"},"next":{"id":5,"type":"rainbow","defines":{},"uniforms":{"f5_filmThickness":"0DEDFE73-A775-43DC-ACC1-5179464EFF86","f5_movement":"D2B8F296-3F64-400F-9215-7430711B8986","f5_wavelengths":"0259DE37-D35D-4E58-9764-2F4335D64A01","f5_noiseStrength":"3BEB32DC-6E34-4EEA-935E-335FCE354852","f5_noiseScale":"25D9489E-5553-4066-831C-8A9AF4235806","f5_offset":"891B1458-E13F-41AF-A933-B0978700C518","f5_alpha":"572BBC24-40B6-4B1C-8BBB-BDDEA1185592","f5_mode":"E9FA8CF0-C2D8-47FC-BC18-1112049E45EC"}}}}}}},"glslVersion":null,"defines":{"PHONG":1,"USE_LAYER_DISPLACE":1,"GRAD_MAX":10},"vertex":"46AF6A65-3EA0-4C5C-BE30-C146BE9D36C5","fragment":"46AF6A65-3EA0-4C5C-BE30-C146BE9D36C5"},{"uuid":"5F7E8D03-E0E0-48EE-A792-59D963040F06","type":"ShaderMaterial","transparent":true,"depthFunc":3,"depthTest":true,"depthWrite":true,"colorWrite":true,"stencilWrite":false,"stencilWriteMask":255,"stencilFunc":519,"stencilRef":0,"stencilFuncMask":255,"stencilFail":7680,"stencilZFail":7680,"stencilZPass":7680,"dithering":true,"wireframeLinecap":"","wireframeLinejoin":"","userData":{"type":"PhongMaterial","category":"Phong","nodeType":"PhongNodeMaterial","layers":{"id":6,"uuid":"938B5B22-D6E1-4F8F-BAEE-ADF0BA982222","head":{"id":0,"type":"color","defines":{},"uniforms":{"f0_color":"1D14CAAE-887F-4C9B-AFA4-820212EC3B90","f0_alpha":"D013117A-29F3-467F-B1CC-2A7CFD24C67D","f0_mode":"5F9746F1-E1A8-401A-8240-B4AA867F6673"},"next":{"id":1,"type"